Component_ID,RA,DEC,ASKAP_flux,ASKAP_flux_SNR,RA_comp,DEC_comp,Comp_flux,Flux_Ratio_AlphaCorr,Flux_Ratio_NOAlphaCorr
SB62220_component_1a,227.7231,-5.718663,4628.40380859375,2905.463623046875,227.72314552038637,-5.718515186320083,1945.4949272814158,1.8727009479413261,2.379036688140514
SB62220_component_9a,225.468058,-4.093866,447.64801025390625,3497.25,225.4680639004808,-4.0935738077781325,339.95945122089955,1.0365179554767505,1.316768834183794
SB62220_component_11a,225.272271,-2.540651,379.9580078125,2675.760498046875,225.27247859868538,-2.5403819955433167,271.9495290361485,1.0998021938929397,1.3971636912156398
SB62220_component_16a,226.245824,-2.819689,292.7640075683594,2481.05078125,226.24606856684903,-2.8193735929291885,260.1112027800418,0.8859840773649978,1.1255340194475583
SB62220_component_45a,225.728388,-2.99931,118.57599639892578,1646.888916015625,225.72861695728406,-2.999015472884642,90.2748598011674,1.033944556046658,1.313499646081892
SB62220_component_47a,222.949157,-4.768221,112.98100280761719,1361.2169189453125,222.9491631007569,-4.767894851223759,83.30035558266513,1.067642517512865,1.356308769840697
SB62220_component_51a,223.32135,-2.781936,109.07599639892578,1604.0587158203125,223.32144532021516,-2.781661443646674,75.30408816385149,1.140191832129056,1.448473768935243
SB62220_component_55a,227.187751,-3.440281,92.1709976196289,1675.8363037109375,227.1879466128575,-3.4400385561586844,63.832650834920805,1.1366289118917379,1.443947516107307
SB62220_component_57a,227.584751,-3.322499,87.38500213623047,1432.541015625,227.58497398711458,-3.32224675324258,63.4989102124337,1.0832730034818874,1.376165383687477
SB62220_component_71a,228.001682,-2.192212,77.4469985961914,1032.6265869140625,228.00196574526302,-2.191938955246817,55.835005084880855,1.091855892957965,1.3870688912530018
SB62220_component_72a,227.547489,-3.130492,74.28600311279297,1259.0848388671875,227.5477383156318,-3.130235999736072,77.38394339402952,0.7556547660938594,0.9599666268561398
SB62220_component_73a,225.318586,-2.627557,72.62300109863281,919.2784423828125,225.3188292389774,-2.627269662702576,48.87937040901235,1.1695421528358219,1.4857597487639207
SB62220_component_79a,226.374516,-4.890927,71.60900115966797,1278.732177734375,226.37445174208554,-4.890626626708478,51.35555474685505,1.0976085513760585,1.3943769376583983
SB62220_component_82a,228.310536,-4.92288,70.21399688720703,826.0469970703125,228.31047826529286,-4.922580659813869,48.52434485750751,1.1390198846375472,1.44698495349894
SB62220_component_86a,223.33841,-5.665857,65.08599853515625,879.54052734375,223.3383744769222,-5.665465553579436,35.95557465529582,1.4249139185664663,1.8101782313071688
SB62220_component_89a,226.06625,-2.965445,62.49599838256836,905.7391357421875,226.06648616264826,-2.9651561979611682,49.34353871589074,0.9969863425656981,1.2665487723206599
SB62220_component_104a,226.47579,-3.399387,57.448001861572266,990.4828491210938,226.47596308043387,-3.399151064715582,45.064663310406,1.0034739156451693,1.2747904375956316
SB62220_component_110a,224.894077,-5.216329,57.00299835205078,1140.0599365234375,224.89406697373389,-5.215960852843832,36.00237949907381,1.2463321137103043,1.583311968408011
SB62220_component_112a,223.087248,-3.476794,57.70000076293945,779.729736328125,223.0872014440136,-3.476467859312985,36.63336250620022,1.2398419486846783,1.5750670103836002
SB62220_component_114a,227.86464,-7.06221,55.137001037597656,520.160400390625,227.86466777466285,-7.061926579571893,40.66317296307869,1.0673556851711425,1.3559443845580104
SB62220_component_117a,227.656088,-3.780316,53.422000885009766,921.0690307617188,227.65621926681675,-3.7800743524299665,40.51055489298964,1.0380523334096248,1.3187180730090284
SB62220_component_118a,223.168794,-3.04769,51.75299835205078,907.9473266601562,223.16887013885318,-3.04737294942361,39.849321771028684,1.022308266780222,1.298717168874787
SB62220_component_119a,225.251956,-3.323519,52.224998474121094,652.8125,225.25206931544224,-3.3232590120037937,37.43835833892004,1.0980672275276881,1.3949596294084619
SB62220_component_126a,225.792227,-2.158465,48.948001861572266,789.48388671875,225.79238624344046,-2.1580453353283517,35.95865620369829,1.0715163572387194,1.36123000771475
SB62220_component_135a,226.376696,-2.24863,46.053001403808594,697.7727661132812,226.3768888663628,-2.248287238538197,34.30342251374708,1.0567877682309912,1.3425191432532098
SB62220_component_145a,225.402665,-3.563665,42.29999923706055,571.62158203125,225.40275830100413,-3.5633924787632325,27.534913008883883,1.209271845280387,1.5362314463609472
SB62220_component_146a,223.527968,-5.206686,41.75899887084961,707.7796630859375,223.52794908609707,-5.2063735354463425,26.636803124464848,1.2340571378376435,1.56771811826381
SB62220_component_149a,226.549039,-2.38288,40.21900177001953,600.2835693359375,226.5492858983547,-2.382508534855414,27.441218739044928,1.1537060827715233,1.4656419655586814
SB62220_component_154a,227.850388,-6.04671,44.5,373.9495849609375,227.85027115769023,-6.045887179585995,22.746266647346058,1.539987429549726,1.9563650022185983
SB62220_component_156a,228.352999,-6.021062,37.28200149536133,358.48077392578125,228.3530531875175,-6.020793002064216,27.279141217368966,1.0758105930552428,1.3666853072201341
SB62220_component_157a,226.8966,-3.247607,37.64799880981445,579.2000122070312,226.89681395901712,-3.2473720669257875,26.36474803284382,1.124049823473082,1.427967328301964
SB62220_component_163a,228.089723,-3.521315,36.99599838256836,616.5999755859375,228.08992178598146,-3.5210517292645047,23.13439876652549,1.2588205537257846,1.599176998543832
SB62220_component_166a,225.575396,-2.801173,34.24100112915039,600.7192993164062,225.57560001367347,-2.80090470366819,37.17352488037173,0.7250701076466939,0.9211125724380859
SB62220_component_175a,227.549778,-4.795686,32.981998443603516,445.7026672363281,227.54968072709136,-4.795346672258684,23.15748301813317,1.121122073579472,1.4242479814312023
SB62220_component_177a,224.49932,-6.723491,32.6609992980957,535.4262084960938,224.49914476528664,-6.723060478142104,34.9984034518334,0.7345959435449938,0.9332139776903096
SB62220_component_195a,228.124298,-4.325741,30.73699951171875,602.686279296875,228.12419448883273,-4.325450277709207,25.533379935353533,0.9475899662318906,1.2037967393874198
SB62220_component_199a,223.960932,-4.872092,31.22100067138672,367.3058776855469,223.96089691415008,-4.871753779651883,19.96803927095552,1.2307750600476381,1.5635486412929476
SB62220_component_201a,226.637963,-2.195653,29.895999908447266,490.0983581542969,226.6381540253305,-2.195303716043622,24.737540243994797,0.95131393971858,1.2085275906000685
SB62220_component_207a,226.083262,-3.590366,30.089000701904297,477.6031799316406,226.08339422062687,-3.5900796938048387,20.35749084747482,1.163458259444621,1.478030908982901
SB62220_component_210a,226.263833,-4.959848,28.25,565.0,226.26372130149701,-4.959568937421311,22.083135025000086,1.0069896690438915,1.2792567707446643
SB62220_component_214a,226.402178,-3.409479,28.017000198364258,500.3035583496094,226.40239936924084,-3.4092118545447763,23.466868122124026,0.9397964307288466,1.1938960091547313
SB62220_component_215a,226.047702,-2.330756,27.024999618530273,386.0714111328125,226.04796627271574,-2.3303495385365363,17.916186607912923,1.1873736586054349,1.5084124881013643
SB62220_component_216a,222.704588,-6.741225,27.131999969482422,484.4999694824219,222.70418864560907,-6.740739639506411,19.3145670938819,1.1057682609289519,1.4047428470750856
SB62220_component_217a,226.70172,-3.159098,27.354000091552734,497.345458984375,226.7019484146041,-3.1588487130266976,19.019452735194754,1.132113888950132,1.438211733660203
SB62220_component_224a,223.710339,-3.807121,28.04199981689453,364.18182373046875,223.7102608575145,-3.806758409744611,14.393426824939326,1.533599889963953,1.9482504172186765
SB62220_component_246a,227.770515,-3.945501,25.493999481201172,490.2691955566406,227.770565551623,-3.945200025359494,18.439703511718953,1.0883067670042177,1.3825601623691517
SB62220_component_249a,224.892762,-3.482598,24.520999908447266,437.875,224.8926427525244,-3.4823804703547805,16.717471682336154,1.154608818808851,1.4667887808870284
SB62220_component_250a,225.836509,-6.774163,27.635000228881836,531.4423217773438,225.83649678237234,-6.773735353634971,18.81393177874227,1.1562378934055693,1.4688583202000567
SB62220_component_252a,228.417686,-2.65487,24.014999389648438,375.2343444824219,228.41794045339847,-2.6546402494603214,23.885714993429694,0.7914283893051274,1.0054126240832357
SB62220_component_261a,225.426002,-2.368432,22.947999954223633,370.1290283203125,225.42610576741035,-2.3681588519090093,18.898260462721765,0.9558512244816949,1.2142916539588542
SB62220_component_262a,223.836426,-2.842967,24.243000030517578,515.8085327148438,223.83655245550392,-2.842688612356289,15.727567927795793,1.2133667317710986,1.5414334970171841
SB62220_component_265a,223.68082,-3.661625,22.843000411987305,230.7373809814453,223.68079027900777,-3.6613303072406516,15.111656940125721,1.1898942135925923,1.5116145438249515
SB62220_component_271a,225.323958,-6.168164,22.200000762939453,453.0612487792969,225.32394009471935,-6.167842192532112,17.042603058286744,1.025378840693213,1.30261795613112
SB62220_component_272a,226.574531,-5.147197,22.440000534057617,431.5384521484375,226.57445706592935,-5.146840454286485,15.019248796572239,1.1760937503913451,1.4940827492769795
SB62220_component_274a,227.645872,-2.24982,23.184999465942383,421.5454406738281,227.6459906545665,-2.2495527955154135,15.741874872632573,1.1593589660076948,1.4728232598424325
SB62220_component_279a,223.382285,-3.557697,21.60300064086914,385.7678527832031,223.38225214910662,-3.5573918234574244,13.676405742113001,1.2433957902670036,1.579581729894735
SB62220_component_288a,225.128305,-5.457462,21.309999465942383,495.58135986328125,225.12825273486075,-5.457141012980281,14.034529171983843,1.1952338440188135,1.518397888864135
SB62220_component_296a,223.754537,-5.152073,20.10300064086914,248.18519592285156,223.75453363777183,-5.151775543545588,14.941954377774717,1.059060502149437,1.345406372728
SB62220_component_297a,228.425088,-3.939543,20.511999130249023,315.5692138671875,228.425147987346,-3.939229760295604,12.285991213211323,1.3142109452384925,1.6695436920215392
SB62220_component_308a,223.525192,-4.442052,18.781999588012695,335.3928527832031,223.5251101964233,-4.441694672392618,13.9676478161495,1.0584877625433309,1.3446787773598363
SB62220_component_312a,223.745482,-4.497623,19.753999710083008,123.4625015258789,223.7454505646872,-4.497251324204238,12.511654695471382,1.2428181410679544,1.5788478974913691
SB62220_component_319a,225.795621,-2.867312,17.871000289916992,292.96722412109375,225.79585109364055,-2.867035797174615,17.087429561380446,0.8232645507096972,1.0458565593919114
SB62220_component_320a,228.486744,-2.760358,18.299999237060547,247.2972869873047,228.48695423142314,-2.760091074202341,14.85724313204737,0.9695721492171262,1.2317224046490214
SB62220_component_321a,227.403846,-2.236217,18.011999130249023,225.14999389648438,227.4040247309509,-2.235988071171354,12.970078141673746,1.0931672581400036,1.3887348197521834
SB62220_component_325a,226.225563,-4.54683,18.427000045776367,376.0612487792969,226.22557847478384,-4.546648880057748,20.638490028846675,0.7028198320259631,0.8928463283903386
SB62220_component_329a,224.322778,-3.599872,17.634000778198242,209.9285888671875,224.3228792175396,-3.5995097175352258,13.366619955214482,1.0384761963496347,1.319256538846906
SB62220_component_343a,227.018021,-2.92424,16.58099937438965,338.38775634765625,227.01830367979542,-2.9239954594268753,13.11266228960818,0.9953758908059327,1.2645028910361045
SB62220_component_348a,224.889063,-3.66946,17.891000747680664,372.72918701171875,224.88906609847444,-3.6692088379408565,11.203562435595153,1.257030414821465,1.596902846797967
SB62220_component_349a,223.283148,-6.834454,16.552000045776367,280.5423583984375,223.28294708628317,-6.834047291920308,10.61958328297421,1.2269031866908695,1.5586299014494545
SB62220_component_350a,228.168402,-5.777504,16.722000122070312,288.31036376953125,228.16842936439681,-5.777217819332846,11.797344520254477,1.1157611889287355,1.4174376355086398
SB62220_component_351a,225.633672,-4.489661,17.23200035095215,277.93548583984375,225.63360904932742,-4.489314247366063,11.395257126361555,1.1903614572657548,1.5122081195594956
SB62220_component_356a,226.156496,-7.02409,16.24799919128418,262.06451416015625,226.1565713963407,-7.023666414076171,11.992735338000516,1.066470704411266,1.3548201251302792
SB62220_component_358a,223.017094,-5.869457,16.333999633789062,314.1153564453125,223.01703043470968,-5.868982771735785,9.262360520146034,1.388155605719365,1.7634813067642863
SB62220_component_361a,222.857146,-6.875294,15.972999572753906,253.5396728515625,222.85674380756245,-6.874827776816923,9.670512364415332,1.300182410197446,1.6517221601959675
SB62220_component_362a,226.057994,-2.508785,16.898000717163086,222.3421173095703,226.05814029529867,-2.508462025372537,13.300805810163002,1.0000567882682176,1.2704493967013266
SB62220_component_369a,227.46796,-5.786795,15.583000183105469,213.46575927734375,227.46805001720395,-5.786457800897197,11.849185239687438,1.0352133826175727,1.3151115344970776
SB62220_component_371a,226.853277,-3.206928,16.047000885009766,258.8226013183594,226.8535084942094,-3.2066841568890188,13.477835927643985,0.937218822651334,1.1906214744828763
SB62220_component_372a,226.355896,-5.606333,15.765999794006348,350.35552978515625,226.35585827763842,-5.605979639948634,12.40912033558315,1.0001100955497322,1.2705171170592444
SB62220_component_374a,223.731069,-3.934523,15.36400032043457,144.9434051513672,223.73103107053768,-3.934177166588481,11.505443250191357,1.051158590063026,1.3353679633489164
SB62220_component_377a,225.876945,-6.420396,15.241000175476074,317.5208435058594,225.87689938171576,-6.420000033279367,10.618491740999886,1.129842547384398,1.4353262729986276
SB62220_component_380a,228.144852,-3.463465,14.977999687194824,288.0384521484375,228.14524403427757,-3.4631155106098346,8.072368579120338,1.4605624285933283,1.855465287590598
SB62220_component_387a,224.212635,-2.550582,14.845000267028809,291.07843017578125,224.21278034030465,-2.5503288571129428,11.542619159232162,1.0123790139307718,1.2861032719038725
SB62220_component_389a,223.284241,-7.097948,14.916999816894531,216.18841552734375,223.28386487210614,-7.0975704601066605,11.137777421736528,1.0542660964907904,1.3393156688319574
SB62220_component_399a,227.680875,-6.34444,14.4399995803833,222.1538543701172,227.68091199905155,-6.344080028773188,9.112117815748897,1.2474270147427509,1.584702905775206
SB62220_component_401a,224.620618,-4.442259,14.159000396728516,257.4363708496094,224.6205635136313,-4.441918924991716,15.988477272183655,0.6970963051116643,0.8855752899847432
SB62220_component_407a,226.760199,-2.276844,13.89799976348877,235.55931091308594,226.7603592871592,-2.276514062134017,12.734882272634504,0.8590622917719815,1.091333195388358
SB62220_component_413a,227.140989,-5.67321,14.005000114440918,285.81634521484375,227.140789625379,-5.672906932951486,10.466583930343432,1.0532839032339498,1.338067912859261
SB62220_component_414a,228.350409,-2.672412,13.60099983215332,222.9672088623047,228.35067651443705,-2.6721458134251024,8.45524829263872,1.2662275563598318,1.6085866862117553
SB62220_component_415a,226.328209,-6.057078,13.770000457763672,281.0204162597656,226.3282062062089,-6.056747857141772,8.627085448757983,1.2564266680739689,1.5961358606626646
SB62220_component_419a,226.793916,-3.304327,13.505000114440918,250.09259033203125,226.7941369763621,-3.3040666375845955,13.589661536840595,0.7822638167813499,0.9937701596047727
SB62220_component_420a,225.533833,-5.008909,14.706999778747559,358.7073059082031,225.5337493261582,-5.008647090362035,6.190619860465381,1.8700673163924701,2.3756909825249646
SB62220_component_424a,227.256601,-5.323071,14.029000282287598,226.27420043945312,227.25657745712076,-5.322669034117176,10.10025057409599,1.0933566897867453,1.3889754694074257
SB62220_component_428a,225.294067,-4.305953,13.371999740600586,193.79710388183594,225.29399695450587,-4.30563555051891,14.302692897230015,0.7359458092044989,0.9349288163203395
SB62220_component_429a,225.699597,-3.088053,13.208999633789062,206.39060974121094,225.69974266644704,-3.0877271652828884,8.162594201706947,1.2738227840814529,1.618235490749598
SB62220_component_432a,224.79771,-6.022485,14.491000175476074,322.022216796875,224.79761611733775,-6.022084031409736,9.012449732080423,1.2656767346812159,1.6078869348801337
SB62220_component_436a,226.897847,-2.431717,13.758000373840332,233.1864471435547,226.8981272433197,-2.4314424166245407,9.946477763480482,1.0888129852679245,1.383203250537014
SB62220_component_441a,225.390911,-7.139112,14.633999824523926,232.28570556640625,225.39100097369214,-7.13884062930533,8.998309166883539,1.280175246947732,1.6263055150829235
SB62220_component_444a,225.428794,-5.88352,13.3149995803833,266.29998779296875,225.42874584549205,-5.883194020337111,8.585823437659165,1.220749330161094,1.5508121820885588
SB62220_component_448a,226.009225,-6.445878,13.432000160217285,263.37255859375,226.00914754995472,-6.445459935390993,8.810692791620095,1.2000460739242496,1.5245112362778719
SB62220_component_451a,225.027083,-2.75929,12.276000022888184,231.62265014648438,225.02725126027343,-2.7589638605967637,13.83628588189824,0.6984006656775755,0.8872323199789223
SB62220_component_452a,226.858604,-2.219323,12.505999565124512,227.38180541992188,226.858823439755,-2.219004821241263,8.28715089581787,1.1879015617636648,1.509083124265988
SB62220_component_455a,226.463938,-6.66594,12.470000267028809,235.28302001953125,226.46422371301736,-6.665521523872592,8.801529379837758,1.1152586762764638,1.4167992548652577
SB62220_component_457a,226.626944,-3.945365,13.015000343322754,289.22222900390625,226.6270119117695,-3.945179916208495,8.182163637657458,1.252112392369234,1.5906551029391205
SB62220_component_460a,224.913728,-6.683487,12.133999824523926,220.61817932128906,224.9135716728646,-6.683077110376433,10.837868628200123,0.8813073512870431,1.1195928130141077
SB62220_component_463a,227.964058,-4.741895,12.425000190734863,214.22415161132812,227.9638002097812,-4.741499041767069,10.700546560126098,0.9140242829442605,1.1611556588179028
SB62220_component_464a,225.785703,-2.98475,11.890999794006348,201.54237365722656,225.7859070024087,-2.984462941162918,8.314896005655791,1.12571600433716,1.4300840065730336
SB62220_component_471a,227.931373,-2.934755,12.758000373840332,277.34783935546875,227.93156071428206,-2.934466836225443,9.275244454385973,1.082740886209513,1.3754893940080979
SB62220_component_472a,222.904445,-3.085329,11.968999862670898,217.61817932128906,222.90449122778068,-3.0849519980209967,8.759614362102552,1.0755736790174024,1.3663843370152662
SB62220_component_477a,222.988102,-4.28306,11.435999870300293,181.5238037109375,222.98814059111857,-4.282711511217322,9.052905617702725,0.9943824252288311,1.2632408149641468
SB62220_component_482a,226.674592,-2.875537,11.463000297546387,216.28302001953125,226.67502557041675,-2.8752724202583235,8.62529171930858,1.0461448032837244,1.3289985626671978
SB62220_component_486a,223.652512,-5.523547,11.348999977111816,136.7349395751953,223.65252217997775,-5.523161302806703,7.8001977440193135,1.14530003300332,1.4549631111356753
SB62220_component_488a,224.968013,-3.131663,11.49899959564209,216.96226501464844,224.96812726474255,-3.1314749858243296,9.93871094150109,0.9107460362400515,1.1569910487712949
SB62220_component_492a,227.90739,-4.133014,11.210000038146973,233.5416717529297,227.90740128496654,-4.13269958201525,6.614845898130032,1.3339918421190655,1.6946728934858415
SB62220_component_493a,226.451236,-4.434517,11.017000198364258,216.01962280273438,226.45122288988807,-4.434247125101936,6.795450754454231,1.2761813056177673,1.6212317028628185
SB62220_component_504a,227.215876,-2.942502,10.918000221252441,232.29788208007812,227.2161626680269,-2.9421851447004466,6.024741986253967,1.4265005284594696,1.8121938244264928
SB62220_component_505a,223.650031,-5.813079,10.911999702453613,165.3333282470703,223.6499608973238,-5.812744167337561,6.58857166417419,1.3037080948926618,1.6562011098381701
SB62220_component_510a,227.450091,-4.513903,10.640999794006348,200.77359008789062,227.45012762517257,-4.513615814768882,8.005167871533915,1.0463555492691041,1.3292662895734335
SB62220_component_511a,226.347236,-6.78535,10.574000358581543,185.50877380371094,226.347311665157,-6.784995296859629,7.522196073825232,1.1065268638227903,1.4057065589363704
SB62220_component_517a,223.76148,-5.448291,10.5649995803833,72.86206817626953,223.7612895822901,-5.448019335452332,6.506831698605256,1.2781069641195997,1.6236780156228592
SB62220_component_524a,223.231586,-6.090925,10.835000038146973,193.4821319580078,223.2313793712928,-6.090505149049098,7.3821626955405035,1.1553474113088589,1.4677270719991442
SB62220_component_526a,225.222577,-6.75978,10.345000267028809,181.49122619628906,225.22251011093448,-6.759482427087667,8.01024533629618,1.0166043863579184,1.2914710889257464
SB62220_component_529a,224.892791,-7.108092,10.28499984741211,149.05796813964844,224.89270349858162,-7.107780370048512,7.5537692140632755,1.071785478238856,1.3615718929119451
SB62220_component_537a,226.062465,-4.942032,9.918999671936035,236.16665649414062,226.06228097842111,-4.94178806940286,8.07320062787789,0.9671401685967007,1.2286328717862334
SB62220_component_544a,227.359211,-4.58326,9.722000122070312,173.60714721679688,227.35911818047865,-4.582941538115468,7.010448899970144,1.0916340784856597,1.386787103192738
SB62220_component_545a,228.260567,-4.567289,9.635000228881836,169.03509521484375,228.2605256385433,-4.567012021052146,6.855537947334736,1.1063116378485112,1.4054331407541383
SB62220_component_546a,225.255693,-5.716298,9.687000274658203,230.6428680419922,225.25555657058774,-5.715924439781848,8.740866779686828,0.8723727710168839,1.1082425254632784
SB62220_component_548a,224.687477,-5.706545,9.800999641418457,222.75,224.68735810206536,-5.706113559207748,7.189985673914439,1.0730245021595353,1.363145920718157
SB62220_component_551a,224.564176,-6.731564,9.64900016784668,169.28070068359375,224.56405796972552,-6.731221588370734,6.402656741095378,1.1862859469725433,1.507030683983835
SB62220_component_564a,228.379903,-4.468326,9.946999549865723,155.42185974121094,228.37980963904047,-4.467952618074713,5.976230845481058,1.3101831939918063,1.6644269284522655
SB62220_component_572a,224.960438,-7.219399,9.996000289916992,312.375,224.96036574153803,-7.219158505744012,5.2816749397881315,1.4897791153328475,1.8925815018669003
SB62220_component_574a,225.566816,-4.252336,9.104000091552734,156.9655303955078,225.56682465571197,-4.252007798736427,6.825957581552972,1.0498710470864772,1.3337322980377335
SB62220_component_575a,225.35896,-2.316345,9.515999794006348,144.1818084716797,225.35917236151684,-2.3160094305697707,5.943215944816331,1.260376230694359,1.6011532951795562
SB62220_component_576a,226.059081,-6.124042,9.307999610900879,189.9591827392578,226.05907912837586,-6.12368341086265,5.872975227858356,1.2475715955057463,1.5848865778879069
SB62220_component_580a,225.816346,-6.553242,8.961000442504883,182.8775634765625,225.81615244313053,-6.552900566928248,9.183029109303456,0.7681354853724196,0.975821848743392
SB62220_component_581a,224.690882,-6.791037,9.029000282287598,132.77940368652344,224.69052134439414,-6.7905677888270395,5.679686762288961,1.251360876074718,1.5897003937324239
SB62220_component_582a,227.640988,-5.680296,10.065999984741211,46.174312591552734,227.6412204789733,-5.679888327183017,4.465268835006065,1.774502457537308,2.2542875595367233
SB62220_component_583a,227.624887,-6.596486,8.756999969482422,153.63157653808594,227.62490557465227,-6.596180626942236,10.556833601204946,0.6529635864207753,0.8295100879948422
SB62220_component_594a,225.084336,-4.146708,8.696000099182129,155.28570556640625,225.0843467600101,-4.1464292513215515,6.324010806086021,1.0824160503456883,1.3750767299153541
SB62220_component_598a,225.689649,-5.817166,8.956999778747559,229.66665649414062,225.6895243479625,-5.816875983165602,5.859988719753011,1.2031868431459825,1.5285011980577807
SB62220_component_599a,228.372261,-3.204995,8.63599967956543,139.29031372070312,228.37254027269495,-3.204752653603318,4.5075679181678705,1.5081260066180358,1.9158889752404633
SB62220_component_601a,226.569766,-5.715087,9.765999794006348,199.30612182617188,226.56975206487,-5.714918046144942,10.375424773610881,0.7409315970208634,0.9412626477564022
SB62220_component_602a,228.539534,-3.163173,8.597999572753906,117.78081512451172,228.53978480384367,-3.1629234511772912,5.389529310995555,1.255780895697834,1.5953154861246468
SB62220_component_604a,227.93741,-6.960833,9.232000350952148,97.178955078125,227.9375025190426,-6.960711819165169,4.591509427383634,1.5827328733938657,2.010667841797897
SB62220_component_609a,226.260835,-2.960281,9.458999633789062,163.08621215820312,226.2610855269944,-2.9601376542150373,6.36122352244621,1.170501146014658,1.4869780318852248
SB62220_component_612a,225.931053,-2.836172,8.718999862670898,100.21839141845703,225.93158822978734,-2.8357958704498136,5.983881288874208,1.1469671839608002,1.4570810217913377
SB62220_component_617a,222.876715,-3.733837,8.482999801635742,134.65078735351562,222.87668221309175,-3.7335759184802524,5.75116458042616,1.1610768117527612,1.4750055720031496
SB62220_component_628a,227.274243,-2.825516,8.1899995803833,167.14285278320312,227.27455306198237,-2.825241458223519,4.919860262952664,1.3103834593945953,1.6646813410647676
SB62220_component_630a,226.534146,-3.641745,8.163000106811523,166.5918426513672,226.53426799359616,-3.641423954652481,6.014581996548858,1.0683452981491854,1.3572015663757546
SB62220_component_637a,228.326803,-2.512845,8.161999702453613,138.33897399902344,228.32734683206476,-2.5125800347543823,7.3654208737765705,0.8723008529189041,1.1081511623474414
SB62220_component_639a,225.674757,-3.704846,8.501999855041504,121.45713806152344,225.6750054719141,-3.7045350123893166,5.8653024626831565,1.1410323860881033,1.4495415895657249
SB62220_component_643a,224.740629,-3.685723,8.107999801635742,162.1599884033203,224.74066120422034,-3.6853869149207923,5.07317649243641,1.25805911534822,1.598209684548516
SB62220_component_646a,223.249904,-4.333491,8.116999626159668,165.65306091308594,223.24990389021468,-4.333087451399098,5.65063630711304,1.1307470441202558,1.4364753250783386
SB62220_component_657a,226.513417,-3.909977,7.8460001945495605,153.8431396484375,226.5135201042486,-3.909748614378921,5.152997010737079,1.1985487818049445,1.5226091104266481
SB62220_component_658a,227.06038,-6.811047,7.696000099182129,153.9199981689453,227.0603191957148,-6.810779068017257,6.587748590901072,0.919592326463386,1.168229174654868
SB62220_component_659a,227.366876,-2.6113,8.138999938964844,145.3392791748047,227.36706225351574,-2.6110878567090765,4.6324570232595015,1.3830151485799154,1.7569509869382576
SB62220_component_660a,226.921058,-3.712542,7.703999996185303,160.5,226.92125699261123,-3.712263824489551,5.488154987215743,1.1049870726834254,1.403750443296738
SB62220_component_661a,225.360611,-2.594849,8.222999572753906,130.5238037109375,225.3609202508861,-2.5946429388558045,5.133600118392087,1.2608851276776976,1.601799786331909
SB62220_component_663a,227.244926,-2.999188,7.7820000648498535,169.17391967773438,227.24511708623538,-2.998967923150214,4.963745578513079,1.234096179008018,1.5677677152786305
SB62220_component_668a,223.91243,-5.111348,7.4770002365112305,124.6166763305664,223.91240099421785,-5.110994187026448,5.427196827572868,1.0844739211673349,1.3776910021992086
SB62220_component_676a,224.504331,-2.756707,7.8520002365112305,142.76364135742188,224.50455759455096,-2.756347763597971,4.803094454049363,1.2868456759497289,1.6347794763626633
SB62220_component_678a,224.635631,-4.004706,7.317999839782715,159.0869598388672,224.63562835441056,-4.004420540382849,3.9307989412750555,1.465476491335856,1.8617080011243041
SB62220_component_679a,223.677194,-3.06585,7.379000186920166,93.40505981445312,223.67741534015252,-3.0655343128593633,5.493199400411604,1.0574003459523267,1.34329734805681
SB62220_component_682a,226.373596,-3.066336,7.156000137329102,146.0408172607422,226.37388365161016,-3.0660403793782582,4.591354115513716,1.22686518143025,1.5585816204308243
SB62220_component_683a,222.916188,-3.936809,7.436999797821045,95.34614562988281,222.91624877548367,-3.9363925175484096,4.647253008200611,1.2597046812479495,1.6003001740377822
SB62220_component_691a,225.836467,-2.93136,7.204999923706055,128.66070556640625,225.83666758748848,-2.9311237629627898,5.481994439884333,1.034576669776187,1.3143026689859387
SB62220_component_694a,222.810265,-6.458488,7.006999969482422,116.78333282470703,222.80991318017246,-6.458055754206256,4.091701833072637,1.3480171817628102,1.7124903659513626
SB62220_component_698a,225.741656,-3.365067,6.991000175476074,122.64912414550781,225.74188413967485,-3.3647456383425918,4.604523879247878,1.1951485096312466,1.5182894819991708
SB62220_component_700a,224.533207,-2.723962,7.077000141143799,144.42857360839844,224.5332517763561,-2.7237731568433445,4.644940098602013,1.1993235935743396,1.523593413674756
SB62220_component_702a,223.118542,-6.471267,7.105000019073486,129.18182373046875,223.11827486230519,-6.470815896915168,6.078040454655605,0.9201694022146365,1.1689622785631937
SB62220_component_703a,224.480026,-4.670827,7.659999847412109,141.8518524169922,224.47981061212855,-4.670418118208956,5.509520107638123,1.0944156111627088,1.3903206990374115
SB62220_component_705a,224.245769,-4.427377,7.455999851226807,186.39999389648438,224.2455469744102,-4.426928041885967,4.788063599826131,1.225782088359108,1.5572056836290888
SB62220_component_711a,223.756457,-3.044867,6.834000110626221,151.86666870117188,223.7564881675152,-3.0446362027128813,6.695295694451044,0.8034752623549131,1.0207166975896425
SB62220_component_717a,224.15525,-6.895241,6.813000202178955,101.68656921386719,224.15501152727643,-6.894873157548432,4.953771235247173,1.0826042946596115,1.37531587120999
SB62220_component_719a,227.284647,-3.429819,7.083000183105469,138.88235473632812,227.28491452862815,-3.429674235488737,3.092714093836067,1.8027884638975455,2.2902214586282774
SB62220_component_720a,223.919957,-3.161464,6.828000068664551,151.7333221435547,223.91988087582698,-3.161102403986841,6.2952097214853335,0.8537890972544933,1.0846342490164897
SB62220_component_727a,225.05088,-6.072206,6.736999988555908,129.5576934814453,225.05090483287862,-6.071783646761015,4.086745925398065,1.297645900669633,1.6484998361868306
SB62220_component_731a,224.833277,-6.468279,6.644000053405762,125.35848999023438,224.83314150660468,-6.467833669586782,5.403145355352764,0.9679440777288447,1.2296541396621345
SB62220_component_738a,226.152395,-2.898013,6.488999843597412,108.1500015258789,226.1524461622863,-2.897675218678484,6.195438622753782,0.824466465254943,1.0473834442916563
SB62220_component_739a,226.716081,-2.452257,6.59499979019165,137.3958282470703,226.71637273687466,-2.4520633383186405,4.64084392593622,1.1186265265356587,1.4210776952300133
SB62220_component_757a,228.316434,-3.30124,6.2870001792907715,118.62264251708984,228.31665934267645,-3.300890477221305,4.2264948205707835,1.1709286232725344,1.487521089270309
SB62220_component_763a,222.941456,-3.169923,6.323999881744385,112.9285659790039,222.94133322899572,-3.1695626271348267,4.359860065502163,1.1417909426266701,1.4505052425383278
SB62220_component_765a,223.33223,-2.903144,6.271999835968018,111.99999237060547,223.33242515282103,-2.9028996458460683,3.029907078942501,1.6294611836072979,2.070030424219172
SB62220_component_776a,227.757171,-3.646275,6.359000205993652,127.18000030517578,227.7573638889987,-3.6459351583320756,4.1988843398378215,1.1921261590308894,1.5144499565423284
SB62220_component_780a,223.991527,-3.333106,6.499000072479248,135.3958282470703,223.9913377446492,-3.3327537400069547,5.233803785486676,0.9774541517628758,1.2417355214005077
SB62220_component_781a,227.005923,-4.326841,6.302000045776367,137.0,227.005878586199,-4.3265405406074375,5.447897025498074,0.910577264841151,1.156776645424976
SB62220_component_786a,227.267779,-2.287578,6.142000198364258,100.68852996826172,227.26798295277973,-2.287273834097074,8.674870670043203,0.5573321651963891,0.7080221056867547
SB62220_component_788a,228.360339,-4.348829,5.991000175476074,90.7727279663086,228.36026127568246,-4.348520412099156,5.325739575462418,0.8854961904949407,1.1249142190652262
SB62220_component_790a,223.219636,-3.617122,6.456999778747559,140.3695526123047,223.2194463942219,-3.6166980632547028,4.995985741186074,1.017365186048917,1.2924375915481758
SB62220_component_792a,226.621646,-7.23562,6.270999908447266,145.8372039794922,226.6218215293978,-7.235441763588967,2.418426828136277,2.0411321967450244,2.5930079155133727
SB62220_component_798a,224.52033,-5.751818,6.4070000648498535,142.37777709960938,224.52015460232667,-5.751465273326202,3.9876473169145794,1.2647517195382445,1.6067118166827339
SB62220_component_804a,223.795873,-3.005477,5.9039998054504395,140.57142639160156,223.79634493234514,-3.005253408618317,4.888418441889869,0.9507038474086463,1.2077525432065805
SB62220_component_814a,227.491405,-5.06887,5.809999942779541,80.69445037841797,227.49128378918095,-5.068570950565171,4.30064046513042,1.063433364748198,1.3509615579091074
SB62220_component_815a,224.203692,-6.264103,6.261000156402588,34.97765350341797,224.20339012287812,-6.2636408270312876,3.107158648446118,1.5861621306546405,2.015024292220707
SB62220_component_818a,224.05047,-3.61826,6.369999885559082,127.39999389648438,224.05042111007225,-3.617873692686618,3.9391620045782827,1.2729251671828912,1.6170951786587002
SB62220_component_823a,223.483371,-5.444898,6.019999980926514,109.45454406738281,223.48342256617678,-5.4445296636516245,3.453948692807898,1.3719803733634859,1.7429326594983483
SB62220_component_826a,224.27735,-2.445425,5.994999885559082,117.54901885986328,224.27750766779695,-2.445115117352352,4.599935681947893,1.025899246141912,1.3032790673760972
SB62220_component_828a,228.456534,-2.671023,5.938000202178955,104.17544555664062,228.4568607895281,-2.6708244964503898,3.143916003258247,1.4867452664978134,1.8887273693142612
SB62220_component_832a,227.953498,-6.982984,6.013999938964844,68.34091186523438,227.95335149927882,-6.982670397196622,7.519449722640853,0.629570906415503,0.7997925594019012
SB62220_component_838a,223.418105,-5.866109,5.631999969482422,108.30768585205078,223.41787764684804,-5.865678680841795,4.22160454491111,1.0501525368938829,1.3340898962863441
SB62220_component_843a,228.223188,-3.700928,5.71999979019165,100.35087585449219,228.22321872544566,-3.7005743282138956,3.5477662399650387,1.269136419534676,1.6122820398245905
SB62220_component_844a,225.613829,-6.236601,5.6529998779296875,113.05999755859375,225.61350001226202,-6.23631714229795,5.284204812584292,0.8421057341696478,1.0697919703012102
SB62220_component_845a,226.844762,-2.373443,5.75,94.26229095458984,226.84517351634403,-2.373173165278924,4.740864144494863,0.9547235277626784,1.2128590536974055
SB62220_component_846a,223.474228,-3.395039,5.578999996185303,109.39215850830078,223.47406505675818,-3.3948756718791513,3.6424698848348753,1.2056678550332183,1.5316530191266677
SB62220_component_848a,225.983035,-6.890278,5.618000030517578,95.2203369140625,225.982979349065,-6.8899177212469365,5.632504462596572,0.785140686805691,0.9974248698469194
SB62220_component_850a,222.986077,-3.377741,5.460000038146973,73.78378295898438,222.98612988041432,-3.3774419352061886,2.9246576737536634,1.4695517916079028,1.8668851698938544
SB62220_component_857a,223.783198,-4.941417,5.493000030517578,63.87208938598633,223.78315455912758,-4.94109217338705,4.267508256186572,1.0132171267988275,1.2871679914278833
SB62220_component_861a,227.122183,-3.954816,5.921999931335449,120.85714721679688,227.12229154567217,-3.954411390404051,3.7083506322021322,1.257056789207706,1.5969363522183404
SB62220_component_863a,226.963459,-2.221626,5.439000129699707,62.51724624633789,226.963696509903,-2.2213141924474846,4.811594497426327,0.8898101192840842,1.1303945360750938
SB62220_component_864a,224.15237,-5.211008,5.671999931335449,123.3043441772461,224.15226580270658,-5.210744345259136,3.5206318825930403,1.2681858118982903,1.611074409505679
SB62220_component_873a,224.960013,-6.359293,5.625999927520752,127.86363220214844,224.95983418292693,-6.358937445616386,3.605507786174802,1.2282890360338112,1.5603904529324437
SB62220_component_874a,224.565228,-2.152397,5.255000114440918,125.11904907226562,224.56531669944846,-2.1522034587850336,3.9632179629992565,1.043739364074307,1.325942747409248
SB62220_component_878a,226.946448,-3.048352,5.573999881744385,109.29412078857422,226.94666480827934,-3.0482658674875394,3.3274162524907176,1.3186426317934732,1.6751736058186288
SB62220_component_879a,228.126355,-3.570825,5.540999889373779,110.81999969482422,228.12648911383863,-3.5704271655378226,2.5028396239372825,1.7426991138074208,2.2138853150555
SB62220_component_880a,226.718982,-4.97239,5.7220001220703125,130.0454559326172,226.71884725985586,-4.972017439080373,4.020264971113177,1.1203674315587835,1.4232893013730734
SB62220_component_881a,227.860868,-2.82094,5.4039998054504395,98.2545394897461,227.86115153399294,-2.820731481620971,3.7899061271517356,1.122416810503637,1.4258927857698045
SB62220_component_896a,228.272919,-5.353412,5.333000183105469,83.328125,228.27303137553028,-5.353037861766955,3.867497973174406,1.0854474297752588,1.378927725391461
SB62220_component_899a,227.843537,-3.636929,5.263000011444092,109.64583587646484,227.84371685901633,-3.636616541783723,3.6949359765379577,1.121227508024187,1.424381922951575
SB62220_component_910a,226.400034,-4.372526,5.276000022888184,114.6956558227539,226.40001732502336,-4.372286668489992,3.64387275510399,1.1397480993743223,1.4479100609366957
SB62220_component_913a,225.254275,-3.284987,5.2230000495910645,85.6229476928711,225.2544163124619,-3.284662670182992,2.502609462785715,1.6428361031153393,2.087021617738637
SB62220_component_915a,228.505049,-3.555285,5.177999973297119,87.76271057128906,228.50571187090506,-3.5549111301515524,4.320857576052011,0.9433207406367101,1.1983732122983521
SB62220_component_917a,226.401195,-3.291498,5.190000057220459,97.92453002929688,226.4014934328885,-3.2912864927733434,3.906635921368263,1.045759249152772,1.328508763468982
SB62220_component_919a,224.49711,-5.607401,5.289000034332275,117.53333282470703,224.497055405497,-5.606944552298834,4.16249283391877,1.0002011781918596,1.2706328263760536
SB62220_component_923a,228.296982,-2.578178,5.044000148773193,97.0,228.29732896970037,-2.57774226777913,1.9996263405258983,1.9856080851188433,2.5224713470450832
SB62220_component_925a,226.72718,-6.733751,4.99399995803833,101.91836547851562,226.72733575657819,-6.733330907927693,3.726158158595437,1.0550050545884757,1.3402544243910468
SB62220_component_928a,223.726153,-2.76663,5.03000020980835,104.79167175292969,223.72615456876287,-2.7663997445486266,3.3001256115023434,1.1997888549340332,1.5241844711233585
SB62220_component_930a,225.149353,-6.912804,5.36299991607666,99.31481170654297,225.14936635020482,-6.9125606686593315,3.3488707213891673,1.2605982458115519,1.6014353381345214
SB62220_component_937a,227.5144,-6.271837,5.077000141143799,92.30909729003906,227.51436929172573,-6.271482892982261,4.128783277729784,0.9679487853335369,1.229660120096057
SB62220_component_940a,226.469905,-2.29164,4.928999900817871,79.5,226.47008413779767,-2.2912701396832373,3.9312348143241955,0.9869544624583487,1.2538045000156517
SB62220_component_943a,226.077417,-6.000515,5.164999961853027,78.25757598876953,226.07741506277904,-6.000234762049403,3.1309635766384285,1.2985527552777292,1.6496518836538017
SB62220_component_944a,224.059753,-3.707575,5.034999847412109,100.69999694824219,224.05977867316724,-3.7072423049266074,3.227397981979341,1.2280448535189776,1.5600802490197316
SB62220_component_947a,225.447935,-4.785481,5.015999794006348,125.39999389648438,225.4478711595442,-4.7851771172636,3.317767184591528,1.190087499553168,1.511860089912819
SB62220_component_955a,228.487233,-5.517958,4.918000221252441,68.3055648803711,228.48727022320458,-5.517852178899827,2.2817266025544063,1.6966498728035422,2.1553854067120537
SB62220_component_956a,225.229954,-5.679247,4.932000160217285,109.5999984741211,225.22990860973317,-5.6787648211691,2.3949989223207737,1.6210075980478338,2.059291181408189
SB62220_component_959a,227.523855,-5.789568,4.946000099182129,65.94666290283203,227.52379961667015,-5.789153367526989,3.697996983506869,1.052821775724705,1.3374808365829869
SB62220_component_968a,227.4587,-5.134375,4.764999866485596,76.8548355102539,227.4586698519181,-5.133888419039852,3.810510739801678,0.9843442156946409,1.250488501899248
SB62220_component_972a,226.767157,-6.053721,4.998000144958496,98.00000762939453,226.7671016775876,-6.0533313307731005,3.0494732502085955,1.2901456044474233,1.638971630466545
SB62220_component_977a,227.559197,-5.76412,4.636000156402588,50.9450569152832,227.55930863198398,-5.763857875876677,2.998343343409568,1.2171087085607755,1.546187219216448
SB62220_component_987a,223.995066,-6.836779,4.7220001220703125,67.45714569091797,223.99477954631993,-6.836354942131244,2.7298557296265953,1.3616126864608242,1.7297617858787775
SB62220_component_990a,226.695981,-3.784193,4.678999900817871,99.55319213867188,226.69607440499644,-3.7839112242517916,3.4895250495269745,1.055489716836117,1.3408701282864088
SB62220_component_1006a,226.871978,-2.261955,4.573999881744385,71.46874237060547,226.87207551117086,-2.2617536684661426,2.2843910231242743,1.5761334822301951,2.0022841253721526
SB62220_component_1010a,228.006704,-4.978937,4.61299991607666,76.88333129882812,228.00670235970182,-4.978494962628152,3.710722376218222,0.978570849291138,1.2431541485402078
SB62220_component_1018a,225.283195,-6.364858,4.418000221252441,100.40909576416016,225.28307451306705,-6.36451772013788,3.5166504757528507,0.9889260536049267,1.2563091645628013
SB62220_component_1027a,224.336737,-2.412855,4.440000057220459,79.28571319580078,224.33681607312303,-2.41257501437698,4.137603352219045,0.8446978940877801,1.0730849913003948
SB62220_component_1031a,228.345371,-3.22026,4.736000061035156,78.93333435058594,228.34562714509218,-3.220017202822272,3.1799707354662647,1.1723461642242676,1.4893219010522554
SB62220_component_1033a,226.106351,-6.214428,4.515999794006348,88.54901885986328,226.1064057204953,-6.21403684238501,2.4540169507698053,1.4485838733072811,1.8402480034173012
SB62220_component_1034a,225.561102,-3.571254,4.560999870300293,86.05660247802734,225.56114180075323,-3.5709311195994937,2.9168162354659306,1.230887275203909,1.563691196875048
SB62220_component_1036a,227.119067,-4.024734,4.735000133514404,100.74468994140625,227.11917326781315,-4.024394247928669,3.508418070563348,1.0623703641960593,1.349611146186493
SB62220_component_1037a,227.133061,-6.179475,4.53000020980835,96.38298797607422,227.13317051594026,-6.179015893010054,3.4052110166661813,1.047180347416985,1.3303140943797884
SB62220_component_1045a,225.905582,-4.457315,4.270999908447266,82.13461303710938,225.90550715314154,-4.457037039545086,3.012040450855398,1.116184668442009,1.4179756142499123
SB62220_component_1054a,223.569967,-2.200515,4.318999767303467,62.594200134277344,223.5702126438893,-2.200192499499899,3.1019245191680596,1.09602193466582,1.392361335878614
SB62220_component_1055a,226.458672,-5.463352,4.548999786376953,96.7872314453125,226.45851249320435,-5.462983824639584,3.5371738440268787,1.0123409442749944,1.2860549090790985
SB62220_component_1059a,224.79747,-4.317311,4.6539998054504395,105.77272033691406,224.79747680636578,-4.316977186979296,3.036074016058826,1.2066499427599935,1.5329006410363697
SB62220_component_1069a,224.528693,-3.846297,4.3460001945495605,74.93103790283203,224.52862134209647,-3.8461235519282453,4.950715531339666,0.6910175219100203,0.8778529420723009
SB62220_component_1071a,225.185745,-6.92296,4.2230000495910645,93.84444427490234,225.1858375742754,-6.922383676159432,2.3861562184561045,1.3931231348334852,1.769791942760327
SB62220_component_1073a,227.372715,-2.675565,4.129000186920166,79.40384674072266,227.37292647027698,-2.675321742099651,2.8695683567075596,1.1326497114517193,1.4388924303784956
SB62220_component_1087a,225.076261,-4.081958,4.229000091552734,98.34883880615234,225.0761439321543,-4.081727257558778,2.840665239615077,1.1718848192112803,1.4887358188414284
SB62220_component_1090a,223.025713,-4.5365,4.263999938964844,64.60606384277344,223.02582198044468,-4.536378024421964,2.073242995885933,1.6189531224422102,2.056681222329543
SB62220_component_1099a,223.988742,-2.713476,4.1479997634887695,84.65306091308594,223.9889748152796,-2.7130025906207433,2.4734050691542127,1.3201119645957071,1.6770402127894033
SB62220_component_1100a,226.896744,-7.252631,4.2170000076293945,162.1923065185547,226.89670481260177,-7.2524519316084195,2.721163711077386,1.219877502495285,1.5497046320523524
SB62220_component_1104a,224.170589,-2.305623,4.105999946594238,72.03508758544922,224.17062040534967,-2.3053010450362743,4.495407935473494,0.7189805175124439,0.9133764956442734
SB62220_component_1106a,223.805547,-7.08507,4.251999855041504,75.9285659790039,223.80524216008502,-7.084749124101141,2.2149302663771135,1.5111252907430845,1.9196991975717395
SB62220_component_1109a,227.52121,-6.382545,4.044000148773193,74.8888931274414,227.5211730750486,-6.3822623523516535,2.9883492014015407,1.0652391230808562,1.3532555522214575
SB62220_component_1110a,222.711528,-3.50806,4.1570000648498535,68.14754486083984,222.71174210329175,-3.5077822076386194,3.333219404301359,0.981710465202808,1.2471426451812457
SB62220_component_1114a,227.507555,-3.48101,3.8889999389648438,79.36734771728516,227.50774153914233,-3.4809303550764827,2.7162574122198833,1.127026953768136,1.4317494069115222
SB62220_component_1117a,226.323659,-3.835476,3.9800000190734863,81.22449493408203,226.32352709117015,-3.835392865500433,2.0913937966810616,1.4980094374764061,1.903037115912627
SB62220_component_1120a,227.993909,-2.498957,3.8480000495910645,62.064517974853516,227.99419475680463,-2.4986024869176524,2.586044335224933,1.1712952810485524,1.4879868829690297
SB62220_component_1121a,226.148982,-3.860572,4.105000019073486,85.52083587646484,226.14894686532756,-3.860240816588663,3.162766094276961,1.0216764429815077,1.2979145142922526
SB62220_component_1128a,227.149379,-6.137113,4.059999942779541,82.85714721679688,227.14946411733362,-6.136695907408016,3.587019381628427,0.8909628481285761,1.13185893657937
SB62220_component_1131a,224.427,-6.93489,4.36899995803833,71.6229476928711,224.42682229266893,-6.93428222708816,2.068826465503169,1.662360718737242,2.1118252453212527
SB62220_component_1143a,227.124217,-3.649863,3.7790000438690186,80.40425872802734,227.1243165149492,-3.649643437657488,2.904190425584569,1.0242809566594528,1.301223229226907
SB62220_component_1153a,223.115142,-4.917659,4.0,72.7272720336914,223.11518304953282,-4.917325351050675,3.08487358769176,1.0206807168308878,1.2966495664391156
SB62220_component_1159a,228.436747,-5.838969,3.825000047683716,65.94828033447266,228.43694592350187,-5.8388717981318585,1.7989419604452037,1.6737152909713966,2.1262498356184327
SB62220_component_1164a,226.109683,-7.165744,4.09499979019165,78.74999237060547,226.1098378471584,-7.165483713065066,2.7588495084943405,1.1684043459522289,1.4843143047793579
SB62220_component_1166a,225.678863,-6.737655,3.9179999828338623,79.95918273925781,225.67879899920428,-6.737222300615707,2.304117659998332,1.3385267903891394,1.7004339886170128
SB62220_component_1169a,227.420339,-5.591125,3.7960000038146973,55.014495849609375,227.42020445079456,-5.590893068326195,2.7125660272283993,1.1015727313550823,1.3994129417352141
SB62220_component_1191a,228.250245,-5.243006,3.680999994277954,59.370967864990234,228.25024426608178,-5.2426498965084285,2.6761494255336435,1.0827364278049108,1.3754837301523013
SB62220_component_1199a,228.35868,-4.666693,3.7249999046325684,64.22413635253906,228.35859046322742,-4.666388271947433,1.640888932906,1.7869581059021475,2.2701109319054438
SB62220_component_1203a,223.000857,-4.85388,3.563999891281128,64.79999542236328,223.00098309525225,-4.85361027887521,2.533370716241294,1.107404354170149,1.406821302714415
SB62220_component_1215a,228.004379,-2.696957,3.4549999237060547,63.98147964477539,228.0045937886384,-2.696584495586594,2.4718146210301297,1.1002704166977155,1.397758510816714
SB62220_component_1222a,227.788371,-4.831784,3.5460000038146973,66.9056625366211,227.78816293291752,-4.831505799036374,2.1931458357781093,1.2727365346653043,1.6168555441989598
SB62220_component_1237a,225.009517,-2.41115,3.634000062942505,69.88461303710938,225.00958883611284,-2.410911975914471,2.0140768244775002,1.4202872524465249,1.8043006199057237
SB62220_component_1241a,223.834011,-6.147003,3.325000047683716,37.78409194946289,223.83306520560458,-6.146367514470749,2.8985546743886297,0.9029785833579336,1.14712345330696
SB62220_component_1255a,227.28332,-4.143672,3.453000068664551,78.4772720336914,227.28337769167382,-4.143415278989037,2.677804228312344,1.015044435644803,1.2894893630221673
SB62220_component_1256a,226.764991,-3.08271,3.428999900817871,58.1186408996582,226.76526686043988,-3.08256847013707,4.02513469354311,0.6705857888413198,0.8518969331184063
SB62220_component_1259a,222.666988,-4.850845,3.256999969482422,112.31034851074219,222.66682087143496,-4.8506403395650795,3.9488308765590143,0.649256806763931,0.824801079432541
SB62220_component_1262a,224.774436,-4.448743,3.2660000324249268,79.65853881835938,224.7743430314252,-4.4486141444555125,3.8176686207332415,0.6734188165692316,0.8554959471043984
SB62220_component_1266a,225.112381,-5.106913,3.2739999294281006,74.40908813476562,225.11228592485753,-5.106562325369949,1.7945531369069039,1.4361163748896133,1.8244095770110071
SB62220_component_1268a,224.655883,-4.567248,3.7219998836517334,77.54166412353516,224.65580069871555,-4.566975501681829,2.460916483889969,1.1905476187295305,1.5124446148486805
SB62220_component_1269a,225.920985,-4.584007,3.2279999256134033,71.73332977294922,225.92094275032417,-4.583791044995568,2.5675738344218453,0.9896414241834179,1.2572179550740241
SB62220_component_1271a,223.181161,-6.496201,3.3889999389648438,61.61817932128906,223.1807817929489,-6.495875930941493,2.6987242357731733,0.9885083509015028,1.2557785245493633
SB62220_component_1272a,225.970134,-4.431656,3.3340001106262207,62.905662536621094,225.9702042102449,-4.431386896342168,2.4360031310642754,1.0773456402662827,1.368635396281127
SB62220_component_1275a,227.801288,-4.529484,3.441999912261963,71.70832824707031,227.8014751533078,-4.529057145269301,1.4999515156800052,1.80634592855018,2.294740780805523
SB62220_component_1281a,226.182085,-6.383008,3.3529999256134033,64.48076629638672,226.1818688920001,-6.382597547350917,3.259628741258205,0.8097159535567493,1.028644729742798
SB62220_component_1291a,226.808249,-2.185801,3.181999921798706,57.85454559326172,226.80825515676048,-2.1851813717190285,2.5739633044434536,0.973117100209277,1.2362258297566224
SB62220_component_1303a,227.269423,-5.390034,3.0309998989105225,53.175437927246094,227.26968863877346,-5.389875057266023,2.4437677312574464,0.976322474781068,1.2402978647037435
SB62220_component_1310a,228.095013,-4.837608,3.2130000591278076,45.25352096557617,228.09520289571316,-4.83733461413586,2.2855995866750947,1.106567410076282,1.4057580679745485
SB62220_component_1312a,225.794251,-6.940763,3.2709999084472656,64.13725280761719,225.79447203840783,-6.940199066364861,2.283894602697369,1.1273837342259607,1.4322026526898775
SB62220_component_1313a,223.497638,-5.767868,3.193000078201294,58.05454635620117,223.49744598781754,-5.767437856271938,1.8092988629790665,1.389171643566939,1.7647720581352273
SB62220_component_1333a,226.582394,-6.804284,3.1449999809265137,62.89999771118164,226.5825463230328,-6.803959611883129,2.4937995867646263,0.9927191262433629,1.2611277977661122
SB62220_component_1336a,223.015584,-5.155914,3.069999933242798,50.32786560058594,223.01574733551163,-5.155738812728488,1.6804691553986402,1.4380537247798248,1.8268707422449142
SB62220_component_1342a,226.277099,-3.040227,3.061000108718872,56.685184478759766,226.277449121966,-3.0399345306551626,5.459327842347986,0.44135846505154797,0.5606917549399957
SB62220_component_1355a,226.884753,-4.110016,3.171999931335449,66.08332824707031,226.8846146975231,-4.10984428548982,2.124439797540799,1.1753197430213937,1.493099467919628
SB62220_component_1364a,223.062189,-4.019644,3.005000114440918,50.083335876464844,223.06221026839785,-4.0193943477063465,2.0023967615308544,1.1813039318043248,1.5007016452341653
SB62220_component_1367a,224.126588,-6.384349,3.2009999752044678,28.58035659790039,224.12616440390832,-6.3838637355582275,2.756616684529741,0.9140639502848132,1.1612060513050748
SB62220_component_1369a,223.173619,-2.77621,2.9159998893737793,44.86153793334961,223.17361778980083,-2.775960023200824,2.334230376865129,0.9833566916105133,1.2492339737648204
SB62220_component_1370a,226.699344,-3.385936,3.061000108718872,66.5434799194336,226.69942604521134,-3.3857059199793156,2.5717597392716165,0.9369151091051452,1.1902356437020125
SB62220_component_1373a,226.338235,-3.450117,3.124000072479248,55.78571319580078,226.33846820034472,-3.4499270071072505,2.190975970394751,1.1223820477378597,1.425848623942869
SB62220_component_1377a,222.803557,-4.310399,2.9119999408721924,50.2068977355957,222.80360061845164,-4.310091198588855,1.8129616023245956,1.2643579585275309,1.6062115916511415
SB62220_component_1399a,223.076987,-6.242723,2.691999912261963,47.22806930541992,223.07685056414383,-6.24226854062393,2.6818456223651967,0.7901482046714667,1.0037863066434864
SB62220_component_1401a,225.447219,-5.754832,2.875,63.888885498046875,225.44720584248435,-5.754574713810024,1.7608390344327418,1.2852436969441272,1.6327443586722779
SB62220_component_1405a,223.179742,-6.708211,2.99399995803833,52.52631378173828,223.17960180196943,-6.707911636107431,1.874506583448134,1.2572802997416272,1.5972202949167031
SB62220_component_1409a,223.868277,-4.825671,2.617000102996826,35.364864349365234,223.8682521729455,-4.8252328879021436,2.374772836724414,0.8674590011456953,1.1020001839866598
SB62220_component_1410a,224.543966,-4.78911,2.7890000343322754,58.10416793823242,224.54381468588244,-4.788736146148594,1.730027361901545,1.2690035542423284,1.6121132507793228
SB62220_component_1423a,227.532087,-5.07021,2.9260001182556152,41.21126937866211,227.53192575647347,-5.069904582651174,3.299206972623717,0.6981231967540433,0.886879829769726
SB62220_component_1424a,223.296772,-6.339082,2.7960000038146973,60.78260803222656,223.296416839091,-6.338696717755388,1.6998500924603717,1.2947735986559223,1.6448509290414854
SB62220_component_1428a,225.497914,-3.500884,2.696000099182129,53.92000198364258,225.49791756788974,-3.5007163313716365,1.888847838294905,1.12354435270762,1.4273251897388697
SB62220_component_1430a,224.134061,-4.850563,2.9839999675750732,64.86956787109375,224.13379294436788,-4.850102875006107,2.78126063685594,0.8445481513036497,1.0728947614734585
SB62220_component_1439a,225.330741,-5.113959,2.8459999561309814,71.1500015258789,225.33058382929377,-5.113670111282729,1.9185849709554132,1.1676727406292817,1.483384890018051
SB62220_component_1441a,222.907145,-5.58908,2.8580000400543213,44.65625,222.9071470646054,-5.588787559518024,2.608946052401865,0.8623119853745926,1.0954615322241603
SB62220_component_1459a,223.897333,-5.306395,2.803999900817871,39.49295425415039,223.89739964690878,-5.306091740585127,3.736654216172891,0.5906937475592867,0.7504039010839351
SB62220_component_1464a,225.673689,-4.309111,2.819000005722046,49.456138610839844,225.6736694237331,-4.308853818224887,1.5522991180590748,1.4295092068526034,1.816015981022264
SB62220_component_1466a,223.733272,-3.343195,2.688999891281128,44.081966400146484,223.73320005945843,-3.343006895031586,2.9477816628994917,0.718063352725325,0.9122113503603855
SB62220_component_1475a,227.027812,-2.773738,2.746000051498413,61.022220611572266,227.0282258461191,-2.773366171846926,2.0073153687415326,1.0768425855128825,1.3679963269648017
SB62220_component_1484a,222.929401,-6.94662,2.6559998989105225,44.266666412353516,222.92901115624113,-6.946176947602318,2.6817692373554958,0.7796037873886471,0.9903909187688407
SB62220_component_1485a,224.39097,-6.873006,2.572000026702881,42.866668701171875,224.3907501946659,-6.872702904098728,1.9039051371107567,1.063390935185957,1.350907656358332
SB62220_component_1501a,225.408712,-4.324962,2.765000104904175,56.42857360839844,225.40849291618974,-4.324834367607591,4.471051256003507,0.4868024936887119,0.6184228152588206
SB62220_component_1502a,227.602411,-4.873157,2.308000087738037,29.21518898010254,227.60225213481453,-4.872868002382018,2.173435866721848,0.8359037665301345,1.0619131316808301
SB62220_component_1514a,224.281733,-4.388213,2.51200008392334,64.4102554321289,224.2815677564513,-4.387821343083609,1.5633458048959545,1.2648292133031862,1.6068102629990562
SB62220_component_1522a,227.155063,-4.233817,2.6630001068115234,53.26000213623047,227.1548062025324,-4.233600107963076,5.648319262396226,0.37112416895000455,0.471467702709457
SB62220_component_1523a,226.321385,-5.606283,2.690999984741211,65.63414764404297,226.32138723544676,-5.605893107268167,1.772299491724615,1.1952090506801076,1.518366391970588
SB62220_component_1525a,223.02163,-5.353352,2.5429999828338623,46.23636245727539,223.0217158682385,-5.353141536505812,1.2200486479599113,1.6407276615015138,2.084343101470673
SB62220_component_1545a,226.03917,-3.733168,2.6710000038146973,54.51020431518555,226.0392240877136,-3.7329584420699327,2.3103696548556414,0.9100383779262935,1.1560920557457672
SB62220_component_1553a,227.439613,-4.050819,2.753000020980835,50.05454635620117,227.43943301549123,-4.050415117422596,2.434562046733957,0.8901284010089424,1.130798873938774
SB62220_component_1568a,226.684527,-2.336239,2.434999942779541,47.74509811401367,226.68494544582137,-2.3361054247857744,2.4026370237375274,0.7977706986235091,1.0134697495802634
SB62220_component_1572a,223.464076,-5.059988,2.4690001010894775,49.380001068115234,223.46394167743222,-5.059625399372427,2.602715750886117,0.7467266620611708,0.9486245665700855
SB62220_component_1583a,226.726904,-2.36474,2.3970000743865967,42.80356979370117,226.72716394552577,-2.3642486252459065,1.6261080354822537,1.1603418131116217,1.4740718464475948
SB62220_component_1584a,227.919382,-4.202972,2.384000062942505,49.66666793823242,227.9194428085182,-4.202706801458927,2.809342563041973,0.6679882977552495,0.8485971395247347
SB62220_component_1595a,224.310353,-2.869505,2.450000047683716,54.44444274902344,224.31042892133362,-2.8691850001846673,2.438467632657855,0.7908905535210954,1.004729369736719
SB62220_component_1603a,224.042341,-6.446761,2.365999937057495,31.972970962524414,224.04224769138895,-6.446423028161983,2.484769396000743,0.7495419256897997,0.9522010134484077
SB62220_component_1647a,227.36964,-3.636832,2.509000062942505,47.339622497558594,227.36983324780374,-3.636569444357608,1.619906093984789,1.2192088986559995,1.5488552529428687
SB62220_component_1681a,228.00286,-3.78306,2.3399999141693115,42.54545211791992,228.00290811232708,-3.782945854119145,2.256363865489939,0.8163454869701884,1.037066738197038
SB62220_component_1683a,224.582348,-5.466883,2.174999952316284,46.27659606933594,224.5824214990143,-5.466289425796994,1.9567205190680041,0.8749792286509706,1.1115537099555983
SB62220_component_1696a,223.927589,-6.491442,2.1659998893737793,35.50819396972656,223.9276476321009,-6.491234147159808,2.5297544521299495,0.6739805318899448,0.856209537471155
SB62220_component_1729a,227.119139,-5.88646,2.3580000400543213,47.15999984741211,227.1190755373858,-5.886272366352561,3.147474633249357,0.5897240783044523,0.7491720553185186
SB62220_component_1740a,223.533818,-4.630063,2.052000045776367,41.040000915527344,223.53365832768753,-4.629627305717267,2.488965929864355,0.6489716198458736,0.8244387844586519
SB62220_component_1749a,226.18754,-5.140364,2.252000093460083,47.91489791870117,226.1873823820015,-5.1401691380678995,3.9480087979235043,0.4490116230119878,0.5704141527355627
SB62220_component_1751a,224.42666,-4.942018,2.1619999408721924,40.79245376586914,224.42650078154963,-4.941740982674988,2.8973365958276482,0.5873865753814571,0.7462025447735731
SB62220_component_1907a,222.978958,-6.564704,1.9980000257492065,35.05263137817383,222.97884928913706,-6.564381648980611,1.812109386587216,0.8679173502585843,1.1025824602741463
SB62220_component_1955a,226.098071,-3.4967,1.809999942779541,33.518516540527344,226.09808099506313,-3.4966384106722193,2.8221567823246767,0.5048527369249769,0.6413534336985353
SB62220_component_2075a,224.52013,-4.465527,1.843999981880188,43.904762268066406,224.5200291742502,-4.465287555539565,3.1596816721465144,0.45939352768775116,0.5836030882906871
SB62220_component_2079a,223.822781,-3.379867,1.718999981880188,35.8125,223.8229423892712,-3.3795294199904147,2.1265171020017792,0.6363181091693981,0.8083640523097706
SB62220_component_2080a,225.391077,-3.151524,1.815000057220459,30.762712478637695,225.39109050452197,-3.151275690823324,2.166338655749817,0.6595042287645989,0.8378191712561431
SB62220_component_2149a,226.476082,-6.471059,1.6749999523162842,31.018516540527344,226.47597369554197,-6.470508215132684,2.637405664196626,0.4999253452953507,0.6350937874498355
SB62220_component_2297a,225.591485,-6.012842,1.4739999771118164,34.27906799316406,225.59135740880794,-6.012550588648004,1.998182116293852,0.5806704155878475,0.7376704881363528
SB62220_component_2591a,223.946475,-5.108519,1.1729999780654907,18.919355392456055,223.9463531865282,-5.1081651345123165,2.134754822395572,0.4325310519713693,0.5494776101497114
SB62220_component_3138a,225.42685,-5.802429,1.090999960899353,26.60975456237793,225.42670761514543,-5.802352626377896,1.9267649426986144,0.4457211989374708,0.5662340728346996
