Component_ID,RA,DEC,ASKAP_flux,RA_comp,DEC_comp,Comp_flux,Flux_Ratio_AlphaCorr,Flux_Ratio_NOAlphaCorr
SB52219_component_24a,206.723416,-3.603636,193.475,206.72349634516232,-3.603524421031414,137.58306901433565,1.1069394176647656,1.4062413892174206
SB52219_component_34a,206.249867,-5.778527,149.795,206.2498877481495,-5.778433167416806,97.8887023766346,1.2045607758466435,1.5302582885673273
SB52219_component_40a,202.871326,-3.687326,130.645,202.87128370303927,-3.687220381716921,132.4108772192681,0.7766639036005099,0.9866636866706734
SB52219_component_46a,201.873703,-3.844853,115.795,201.87371468694613,-3.8446796133450043,69.55950188162382,1.3103801735656269,1.6646898703502067
SB52219_component_47a,202.965294,-3.267623,111.663,202.96526448435552,-3.267506654712112,76.72202526047302,1.1456533188588298,1.4554230240281292
SB52219_component_54a,203.500454,-5.793753,101.604,203.50041967916877,-5.793681802649388,95.37201007595786,0.8385980158621147,1.0653439745679494
SB52219_component_59a,205.664929,-5.707071,96.476,205.6649173958447,-5.706994186133569,117.49581046414319,0.6463397632400243,0.8211015996544555
SB52219_component_64a,203.179900,-5.947919,95.549,203.180183942225,-5.947673579906983,43.2925706401707,1.7373077814697466,2.207053131476913
SB52219_component_65a,203.388047,-2.628341,89.298,203.38814355774142,-2.6282078105817863,55.1999547700356,1.2734062290623074,1.6177186538107466
SB52219_component_66a,201.614012,-6.999174,87.544,201.61396202227417,-6.999028733360661,67.81822393585978,1.016117531363692,1.29086245020303
SB52219_component_70a,202.796897,-5.206912,83.712,202.79684061845342,-5.206749423196382,55.757592633982725,1.1818100246653043,1.5013560311931342
SB52219_component_74a,206.596358,-4.567953,80.237,206.59634255326378,-4.56777356545913,53.004984414240475,1.191576542874832,1.5137632884608876
SB52219_component_75a,204.403211,-2.581685,77.391,204.40329303514343,-2.5815705873076635,52.44175613028895,1.1616550958717804,1.475751472701599
SB52219_component_76a,201.880036,-7.215784,85.202,201.87997566756474,-7.21549513364891,65.40743381982999,1.0253843229226538,1.3026348612559795
SB52219_component_85a,201.761465,-5.232508,70.129,201.76146164107055,-5.232306972786953,50.35360442193049,1.0963041178911033,1.3927304431893084
SB52219_component_88a,202.677360,-4.039275,69.438,202.67729971151965,-4.039093211443752,44.8415071955012,1.218936272470088,1.5485207318590206
SB52219_component_90a,205.483645,-4.801760,65.268,205.48365616824665,-4.801599213251853,57.975552808363986,0.8861747431020155,1.1257848279160034
SB52219_component_91a,203.528420,-6.646001,65.686,203.5282970662209,-6.645874090387477,32.88663201347924,1.5722346887150347,1.9973464288576168
SB52219_component_92a,205.849216,-2.784422,63.875,205.84924700432254,-2.7843300721472484,52.43388554282731,0.9589210406699734,1.2182007749135382
SB52219_component_95a,205.503390,-2.933107,62.120,205.5034212678458,-2.93299524380565,60.01823906112425,0.8147271090081717,1.0350186860467536
SB52219_component_98a,201.212626,-3.153595,60.077,201.2127864889372,-3.153241412818002,43.654475829299194,1.0832867568106312,1.3761933575659906
SB52219_component_104a,201.255492,-5.171670,58.249,201.2556726265631,-5.171451720009634,40.26436826003127,1.1387583255416727,1.4466637145065484
SB52219_component_105a,203.962227,-6.379811,57.929,203.96214979909362,-6.379631320600751,41.95321863413115,1.0869128650207807,1.380799918110786
SB52219_component_107a,203.101439,-3.828600,59.215,203.10135925206103,-3.8285090130010078,38.43202550154858,1.212836999826653,1.540772295496158
SB52219_component_109a,204.905895,-2.375810,56.430,204.9059745027646,-2.3756642103216494,40.38036579842695,1.1000281028841623,1.3974613451216942
SB52219_component_115a,202.711691,-4.348860,56.042,202.71166204861987,-4.348724161368027,39.05804957334462,1.1294501012143203,1.4348386678053864
SB52219_component_116a,206.426070,-5.419742,56.188,206.4261271918982,-5.419655447898955,34.02891915453179,1.2997487044725469,1.6511837907687108
SB52219_component_122a,204.937354,-2.790639,49.949,204.9373756446884,-2.790530354115583,33.55710969707932,1.1716725039476363,1.4884774571811001
SB52219_component_128a,201.690713,-3.816989,48.355,201.69077431084298,-3.8168002078734635,35.04868960043874,1.0860093764526089,1.379652138025469
SB52219_component_130a,206.083097,-2.468451,48.796,206.08319655909963,-2.4683865787006227,33.67929057929048,1.140473706368329,1.4488429119208055
SB52219_component_131a,205.720162,-6.820843,48.129,205.72015203831657,-6.820580717238715,35.54776391381093,1.0657578550022557,1.3539248694833566
SB52219_component_132a,205.789007,-6.163486,48.507,205.78900360773562,-6.163353601271188,33.9418019065657,1.1249507190051946,1.429122711369641
SB52219_component_134a,203.536134,-5.594309,47.386,203.53608056839806,-5.594152688738179,38.105394356571566,0.9788757747427071,1.2435510086445802
SB52219_component_143a,203.641596,-4.608742,45.726,203.6415466833166,-4.608579077618686,32.23900739823955,1.116466106139423,1.4183439699200813
SB52219_component_148a,206.539412,-5.025849,42.410,206.53950608395144,-5.025775550626713,44.10642462231923,0.7568858624343625,0.961537921302089
SB52219_component_149a,205.616082,-6.776644,42.552,205.6160626061857,-6.776387041255866,30.33472035975731,1.1041903292213797,1.4027489831380853
SB52219_component_156a,205.917716,-5.238368,41.139,205.9177653443555,-5.23826798198026,28.443975149653856,1.1384852704423765,1.4463168288721233
SB52219_component_166a,205.064338,-4.729187,37.286,205.06432263982202,-4.7290211208612325,19.900815666658257,1.4748195524616563,1.873591511154214
SB52219_component_170a,206.563754,-3.818633,37.135,206.5637846939868,-3.818537882372677,31.19311890572906,0.9371057107862012,1.1904868645473226
SB52219_component_177a,203.154321,-3.082454,35.475,203.15428761593236,-3.0823588564237974,18.31605433719593,1.5245948162607377,1.93682535665332
SB52219_component_182a,201.946707,-4.312762,33.735,201.94675412366487,-4.3125381564495795,23.556718778418272,1.1272750675500092,1.4320755334252335
SB52219_component_184a,201.584991,-5.133017,34.079,201.58503872757223,-5.132818285893995,24.66146271066387,1.0877572062823921,1.381872558229797
SB52219_component_198a,205.190221,-5.898151,31.897,205.19018300300183,-5.89803485516718,23.00931588478732,1.0912144288150845,1.3862645686141264
SB52219_component_205a,204.404575,-2.362959,31.196,204.40464630205116,-2.3628490221556127,21.22908374700885,1.1567290061104127,1.4694934325605686
SB52219_component_206a,202.945134,-6.775848,29.781,202.9450008409501,-6.775691979497877,25.519708665867114,0.9186023308498529,1.1669804121691056
SB52219_component_208a,205.457640,-5.522509,31.056,205.45759000386087,-5.522410333592739,20.5836507266577,1.1876462103299492,1.508770245291766
SB52219_component_209a,205.003916,-5.128042,29.165,205.00392084343343,-5.127906229370111,18.42019101310895,1.2463265352655832,1.5833169642362406
SB52219_component_220a,201.403037,-4.197958,27.932,201.4031762324285,-4.197695281360509,26.607615824197826,0.826342398353021,1.0497745980359767
SB52219_component_227a,201.415255,-4.985508,27.552,201.4154147141919,-4.985279696266414,16.04644823089134,1.3515688931454544,1.7170154821386243
SB52219_component_228a,205.199003,-5.947642,27.404,205.19896758840784,-5.947530065653524,19.794101386254212,1.089788283462941,1.3844528121717956
SB52219_component_230a,204.255659,-2.775067,26.168,204.25568466520636,-2.775036735132206,44.035664254184724,0.46776739180833454,0.5942455895868851
SB52219_component_234a,202.813271,-4.347670,25.767,202.8132295604161,-4.347545310452407,17.555004859878252,1.1553854215298742,1.46778656024496
SB52219_component_237a,205.783502,-6.466653,25.449,205.78350269890038,-6.4664790620184975,16.446394162092716,1.21804685178464,1.5473908234283118
SB52219_component_242a,203.803058,-5.206021,25.629,203.80296410721297,-5.205759841199906,14.943410253012294,1.350037752029022,1.7150703404476706
SB52219_component_247a,202.823131,-5.811187,24.139,202.82308019674312,-5.811102454721973,26.454989095341116,0.7182500475018705,0.9124554862589556
SB52219_component_251a,203.303805,-6.577452,24.070,203.3037489110129,-6.5773541937796995,13.709203636223151,1.3820629793655492,1.7557547712855652
SB52219_component_252a,204.458207,-6.223550,25.147,204.4582308888876,-6.223393525757392,15.732239255199978,1.2582287511635173,1.5984373839737416
SB52219_component_255a,201.748340,-4.761799,23.748,201.74837927033877,-4.761557829091778,14.447927477792941,1.293854525124933,1.643695902252128
SB52219_component_260a,203.937980,-6.098326,23.407,203.93790345559103,-6.0981894777167005,14.654942838454927,1.2572614378744131,1.597208521795947
SB52219_component_264a,206.840063,-2.529763,22.876,206.84005256872737,-2.5297153582377594,15.091197122005601,1.1932195549399296,1.5158505495449657
SB52219_component_266a,204.106167,-6.481775,23.089,204.10613257493046,-6.481550062991769,13.712531800314947,1.325413732012238,1.6837883067934976
SB52219_component_271a,202.724650,-3.471943,22.720,202.72464433576323,-3.471803387224185,15.714030691966755,1.1381111902217627,1.4458416022420837
SB52219_component_279a,204.229720,-5.935548,21.822,204.2296472299912,-5.93541258882107,12.768631903972542,1.345284600438874,1.7090319987022915
SB52219_component_285a,202.390590,-6.522162,20.629,202.3904429320408,-6.5220243909454245,13.785123344702093,1.1779625675883791,1.4964682719368745
SB52219_component_288a,204.358624,-4.441244,21.403,204.35855977733053,-4.441080179383892,13.490642435925723,1.2488376804830297,1.5865070903468075
SB52219_component_305a,205.117030,-4.364792,19.452,205.1170372801035,-4.364603623369359,14.466737705584602,1.0584189883162591,1.344601669027121
SB52219_component_310a,204.807621,-2.664831,19.321,204.80767407602247,-2.6647649191256733,12.498164478442728,1.2168787918098656,1.5459069352810446
SB52219_component_311a,201.393953,-5.542627,19.406,201.39408841363928,-5.542476190033677,12.844168363734564,1.1893071148190861,1.5108802366778242
SB52219_component_315a,205.208658,-3.799236,19.181,205.20866463100003,-3.7991411335618133,14.156444584367348,1.0665495165360532,1.3549305859636913
SB52219_component_317a,205.757282,-3.809230,18.907,205.7573339935591,-3.809056312142571,16.508289622178683,0.901538985520916,1.145303360961839
SB52219_component_319a,204.414209,-6.998333,19.066,204.414267496653,-6.998017792770935,10.50785588022174,1.428267182055155,1.814451987358136
SB52219_component_323a,204.488060,-3.135882,18.529,204.48805938038927,-3.1358077940138824,14.140725055285522,1.0314406991180147,1.3103288025310633
SB52219_component_324a,202.815488,-4.739506,19.492,202.8154735245799,-4.739356537412646,13.174625056382464,1.1646143257325061,1.4795108396949073
SB52219_component_332a,204.651166,-5.060604,18.582,204.65117679531474,-5.06044913701902,12.12606090800982,1.2062482718191907,1.5324020614268572
SB52219_component_338a,204.169132,-3.336824,18.134,204.1690785342224,-3.3367532520889145,11.20477053069346,1.2739566198194665,1.6184178630453339
SB52219_component_339a,201.871586,-5.303044,18.191,201.87161181874376,-5.302868471850414,15.028987640663905,0.9527760304324513,1.2103942341080816
SB52219_component_343a,201.350928,-3.482631,17.598,201.35109364151896,-3.4824127580292705,12.625075209184104,1.0972189646814707,1.3938926526118633
SB52219_component_345a,201.346996,-2.773431,17.775,201.34714361021327,-2.773118390981582,14.956246771623034,0.935515428942022,1.188466591247702
SB52219_component_347a,204.882315,-2.607448,17.233,204.8823955052117,-2.607370240506673,15.643163275215352,0.8671620858742642,1.101631396313512
SB52219_component_349a,204.322969,-3.041534,17.930,204.32290967560235,-3.041545082090889,11.746372179016936,1.2015463165049476,1.5264287587622103
SB52219_component_354a,206.509159,-2.392800,17.496,206.50922653231186,-2.392721674750503,13.334815644917597,1.03279883156249,1.3120541562631487
SB52219_component_360a,207.050870,-5.715591,16.407,207.05092675619136,-5.715490459171093,9.976549050108472,1.2945320336530421,1.6445566002438796
SB52219_component_361a,202.208116,-4.031359,16.466,202.2080884999857,-4.031192219796136,14.233527132312528,0.9106249466357014,1.1568460473785773
SB52219_component_367a,203.148912,-6.726056,16.295,203.14881957761025,-6.725986983659267,11.105280380436175,1.1550181680094511,1.4673200061657459
SB52219_component_370a,204.687414,-5.173134,16.352,204.6875151926512,-5.1729278910574985,11.780619634035828,1.092613851788389,1.3880423772951418
SB52219_component_377a,204.207877,-2.321405,15.684,204.2079635462486,-2.321323211310109,10.733201331935517,1.150248127072402,1.4612602084144914
SB52219_component_379a,206.582152,-5.973795,15.813,206.58215159272362,-5.973655725878851,10.58123541530636,1.176364373075814,1.494437946486607
SB52219_component_393a,203.472645,-7.148765,16.176,203.47259115145977,-7.14865058384983,9.05088638746412,1.4068377633480178,1.7872283335140804
SB52219_component_397a,206.257029,-2.744362,15.243,206.25716688433357,-2.7442692826631188,9.596738700599746,1.250289998395601,1.5883520960683206
SB52219_component_398a,205.340446,-2.937338,15.274,205.34047807584474,-2.9372255521199784,12.110161802950643,0.9928115521678409,1.261254838405641
SB52219_component_399a,206.490399,-3.781025,15.001,206.49045438301482,-3.780854990414472,10.962107031786896,1.0771846629232,1.3684413371315758
SB52219_component_400a,201.956492,-6.043313,15.272,201.956385537408,-6.043189337206614,10.946772397229761,1.098180714003037,1.395114446397915
SB52219_component_402a,204.532295,-6.623602,15.428,204.53235460153607,-6.623335374628765,9.751898754336125,1.2453299580487633,1.5820509255466078
SB52219_component_403a,204.509925,-6.647803,16.530,204.50962655086747,-6.647670557312423,11.060952549507142,1.1763710251138149,1.4944463971488655
SB52219_component_407a,203.769333,-5.599543,14.858,203.76933768119628,-5.599484814740376,11.93051850192491,0.9803135515804814,1.2453775415744506
SB52219_component_409a,204.700835,-2.884678,14.355,204.70088682592262,-2.884458925708119,13.788536859003624,0.8195000326256999,1.041082145917666
SB52219_component_416a,202.833602,-5.904688,14.331,202.8334932660922,-5.9045878605887046,10.558982327146017,1.0683619683352557,1.3572331010745697
SB52219_component_418a,206.633219,-5.810906,14.350,206.63329140722013,-5.810791802760958,9.36037468344262,1.2067648614228492,1.533058330117186
SB52219_component_419a,201.234362,-6.317357,14.643,201.23448009886795,-6.31720427077758,9.861690150579696,1.1688066543139939,1.4848367192095462
SB52219_component_421a,203.662865,-4.045976,14.586,203.66271910727957,-4.045858891998899,15.633701690846834,0.7344096557085631,0.9329844416210553
SB52219_component_422a,202.802611,-4.554129,15.085,202.802548842814,-4.554035543286393,10.260271450565059,1.1573119603121829,1.4702340099701947
SB52219_component_426a,204.842886,-5.224750,14.578,204.8429250789291,-5.224668661731634,10.303227753132331,1.1137523272306773,1.414896420612718
SB52219_component_427a,205.970317,-5.323729,14.492,205.97034671373262,-5.323636842999598,9.133611116389003,1.2489635791123033,1.5866670303222978
SB52219_component_433a,201.826302,-6.065614,13.997,201.8262374127906,-6.065488666143894,10.209700750578518,1.0791601956308727,1.3709510281001591
SB52219_component_435a,206.444577,-5.679939,13.726,206.44467551276836,-5.6797923910977905,8.308879216058097,1.3003657435759173,1.6519676691924783
SB52219_component_436a,201.681611,-3.589749,13.662,201.6816702382404,-3.589493293326322,9.724304312066971,1.105909801004864,1.4049333776505042
SB52219_component_437a,201.350106,-5.946666,13.947,201.35022014429222,-5.94657888726166,7.896705460346083,1.390268951698609,1.7661795314389854
SB52219_component_445a,204.076309,-2.812198,13.204,204.07634921906802,-2.8121772907323472,16.492862266785863,0.6301928560702841,0.8005887795239354
SB52219_component_446a,205.669971,-6.747840,13.238,205.6699511308554,-6.747534972921829,9.406085289424023,1.1078410110869736,1.4073867617340392
SB52219_component_449a,204.910572,-4.557249,13.836,204.9106311522431,-4.557084691079853,7.9172692877297175,1.375622045432763,1.7475722928798303
SB52219_component_450a,204.651122,-2.421466,13.012,204.65118192909128,-2.4213450107467267,10.145885615361744,1.0095273103574192,1.282490319447526
SB52219_component_454a,206.762228,-3.165326,14.824,206.7621703471927,-3.1652456489633516,8.91089117811353,1.3095082939350615,1.6635822458466876
SB52219_component_456a,202.216962,-5.229484,13.489,202.2169092158948,-5.22926048803879,7.710936248759199,1.3770085252549586,1.7493336587506016
SB52219_component_459a,203.788704,-2.820687,12.881,203.78877385062523,-2.8206053777905176,12.681408531577064,0.7995507750585855,1.0157388694678875
SB52219_component_462a,201.911700,-3.021593,13.910,201.91172945743756,-3.0213444981898285,9.14806578395545,1.1969109023350961,1.5205399890989513
SB52219_component_471a,202.428409,-6.049893,12.501,202.42827309904993,-6.049772243071126,8.97384870764255,1.096553946980937,1.393047822804442
SB52219_component_472a,201.481516,-6.807638,12.651,201.48147835787245,-6.807406832184245,8.437544258759413,1.1802466304384558,1.4993699155716527
SB52219_component_474a,205.829694,-6.055390,14.120,205.83001075991632,-6.05620361088932,2.3162283984352863,4.7986302537617895,6.096117246078911
SB52219_component_480a,203.884174,-6.405461,12.164,203.8841567558926,-6.4052727011568384,8.619997937281278,1.1107931947218492,1.4111371772939898
SB52219_component_482a,203.118847,-5.866780,12.252,203.11879967615312,-5.866692109350715,10.124585155996064,0.9525630300815938,1.210123641242281
SB52219_component_483a,204.241802,-3.994999,12.709,204.2416877623966,-3.9948055417241144,8.075971049205503,1.238741223094119,1.5736806826516976
SB52219_component_489a,201.968187,-6.964588,12.620,201.96812484400849,-6.964429689914947,7.717014054807775,1.2872830071330377,1.6353475315619905
SB52219_component_491a,201.586940,-6.221925,11.844,201.58695091474368,-6.221760229177021,9.007871389759977,1.034999627273437,1.3148500184111191
SB52219_component_502a,204.882991,-6.410614,11.515,204.8829298984248,-6.410394525124958,9.189062894731313,0.9864082769834139,1.2531202011823264
SB52219_component_504a,202.682151,-3.388202,11.690,202.68212774226055,-3.38809599445105,11.42939296614398,0.8051101601059993,1.022801439674993
SB52219_component_507a,204.874067,-3.970431,11.455,204.8742299321723,-3.970297534338609,7.850367724151757,1.1486006744226114,1.4591673060695745
SB52219_component_510a,204.817089,-3.537283,11.428,204.81713170369812,-3.5371793818377966,5.285212250400652,1.7020479563843747,2.1622595098745494
SB52219_component_511a,202.155226,-5.445747,11.891,202.1551315335234,-5.445568862222667,7.395516927196255,1.265650551647005,1.607865942443917
SB52219_component_513a,202.988929,-7.007124,11.139,202.98886685344925,-7.006982761916189,7.480191983644856,1.172188439016398,1.4891328943588382
SB52219_component_515a,204.048813,-7.079303,11.505,204.04872466601535,-7.079073249930682,8.51536795684385,1.0635237309089578,1.3510866673934252
SB52219_component_518a,206.685036,-3.893690,11.041,206.6850966783865,-3.8936736356232178,9.205613221182045,0.9441036508816417,1.1993769563124466
SB52219_component_520a,205.549889,-3.542244,12.555,205.54992002593596,-3.5421971892606963,3.442898166319175,2.8704932293670393,3.6466371349572664
SB52219_component_529a,202.242015,-4.701628,10.832,202.24200828549039,-4.701438403646452,9.638337355889245,0.8846479916571774,1.1238452628065523
SB52219_component_532a,205.629591,-5.384990,10.341,205.62958304650513,-5.384906838554733,8.55350658769153,0.9516610701442997,1.2089778031096803
SB52219_component_534a,203.473138,-4.852869,10.469,203.47307980664723,-4.852664950918845,8.541029698848826,0.9648480839079433,1.2257304132875135
SB52219_component_539a,206.354883,-5.961944,10.381,206.35488747476555,-5.961809596399739,6.086011557854458,1.3426733739476457,1.705714730647701
SB52219_component_546a,203.585246,-2.876873,10.806,203.5853104510722,-2.8767586762391137,7.435559418884938,1.143971701707091,1.453286719545828
SB52219_component_550a,203.632092,-5.958607,10.768,203.63203242648336,-5.9585197310292815,7.656132711580582,1.1071068972691245,1.4064541531209735
SB52219_component_555a,201.381283,-2.922560,10.119,201.38144598415093,-2.92220593167823,6.793549878803033,1.1724783247838255,1.489501161454396
SB52219_component_561a,205.463210,-5.228741,10.603,205.46322014051833,-5.228726948499457,5.729889979944547,1.456620581489772,1.8504717759515235
SB52219_component_565a,205.748964,-3.910780,10.096,205.74902336861598,-3.910666391383624,6.4389046644421075,1.2342448150531955,1.5679685045604197
SB52219_component_568a,203.831951,-3.316177,10.054,203.83190468532365,-3.316108626425954,6.539081896561539,1.2102806132399762,1.5375246953405783
SB52219_component_570a,203.655123,-3.724669,9.884,203.6550759363652,-3.724552026531977,6.986069849205816,1.11368862035677,1.4148154882315627
SB52219_component_571a,202.196403,-5.119159,9.775,202.19636478788908,-5.119016434953741,4.9706566839936075,1.5479857470609697,1.9665408898601866
SB52219_component_572a,203.154759,-2.565202,9.786,203.1548178973524,-2.5650746852374393,6.777568916693703,1.1365675617071447,1.4438805967234514
SB52219_component_574a,202.436380,-6.879412,9.850,202.43629256871722,-6.879216837686988,5.850962615477583,1.325173982626611,1.6834837323030347
SB52219_component_575a,206.470849,-2.411605,10.679,206.47091044072644,-2.4114907823467355,7.778024226956711,1.0807500580495117,1.3729707685670476
SB52219_component_588a,206.895383,-2.957811,10.060,206.8954295561087,-2.9579782166549022,5.279442487222945,1.4999400875708944,1.9055043111016803
SB52219_component_589a,203.117917,-7.054631,10.118,203.11776982389907,-7.054331699035552,5.970607235719454,1.333951838860215,1.6946350062998854
SB52219_component_595a,203.635617,-5.678437,9.323,203.63552761952815,-5.678274554807864,8.80790255020602,0.8331959642664866,1.0584812787245885
SB52219_component_598a,206.039103,-6.401547,9.625,206.0391062542677,-6.401434367368787,5.959583929169093,1.271302129444272,1.615045633117202
SB52219_component_599a,202.835197,-3.376936,9.434,202.83513981461556,-3.376891458961405,6.07156020645705,1.22309317655811,1.5538016085594957
SB52219_component_603a,201.384688,-4.169134,9.114,201.38478531471503,-4.168906499084217,6.777681140988359,1.0585024869159596,1.3447077445584164
SB52219_component_611a,205.786961,-7.223922,8.903,205.78696558953487,-7.223601323156617,7.035673442424622,0.9960810326568169,1.2654083437479084
SB52219_component_613a,203.028902,-6.821679,8.960,203.02873995285475,-6.821542976466013,5.728699350324801,1.2311641407429812,1.5640548561234875
SB52219_component_615a,205.611298,-6.198958,8.892,205.61120107571432,-6.198801336154262,5.612957608385909,1.2470150016119472,1.5841915828972895
SB52219_component_616a,204.766696,-4.170495,9.185,204.76666213596653,-4.170365828496011,6.090972221146865,1.1870159052298996,1.5079695139189555
SB52219_component_618a,205.739292,-2.341216,8.851,205.73944861751727,-2.3411000421269064,6.14363119036565,1.1340473094186887,1.4406789011087326
SB52219_component_621a,205.090562,-6.970817,8.710,205.09041540024091,-6.9705983522937025,5.9673720329337145,1.1489444165002085,1.4596039915186771
SB52219_component_623a,202.783836,-6.736901,8.768,202.78373101049345,-6.736707234402817,3.9804006993667715,1.7339545373173268,2.2027932138698305
SB52219_component_624a,206.865818,-6.155967,8.944,206.8657599739901,-6.155723095856266,4.439301231784328,1.5859195895816478,2.014731548312995
SB52219_component_625a,202.115426,-4.884828,8.718,202.11544807116212,-4.884663522565861,4.255497211076815,1.6126144669399443,2.048644372106472
SB52219_component_629a,206.175094,-4.660962,8.635,206.17515022832046,-4.660683127998493,6.296076798217703,1.0795836861523622,1.3714890249315632
SB52219_component_633a,202.297275,-3.878901,8.530,202.29722200029963,-3.8787494309734787,6.240180956588625,1.0760087683116661,1.3669474959640213
SB52219_component_637a,202.126667,-6.662164,8.464,202.12657094165502,-6.661892535006698,5.7787767498400555,1.1529320219109507,1.464669793389102
SB52219_component_638a,202.548731,-5.536105,8.569,202.54869529222236,-5.535906881815537,5.673104482149997,1.188976715758667,1.510460502023601
SB52219_component_644a,206.966701,-2.543371,8.656,206.96671372322973,-2.5432952903389046,6.474600435208806,1.0523695154255155,1.3369164976201262
SB52219_component_656a,205.700117,-6.513603,8.326,205.7000625464796,-6.513429778663677,5.028369901646579,1.303386373096702,1.6558050375125808
SB52219_component_658a,205.054310,-7.003436,8.147,205.05428134700392,-7.0030665415203694,5.8912863870236745,1.08855800145409,1.3828898779645147
SB52219_component_659a,206.849627,-5.342233,8.388,206.84961475159977,-5.342167870714646,5.327961093118378,1.2392568539133018,1.5743357333147416
SB52219_component_660a,204.889848,-5.231891,8.346,204.8898620668825,-5.231747256094782,6.695086315908011,0.981264668314702,1.2465858278603072
SB52219_component_663a,202.904367,-5.963474,8.281,202.90419754462192,-5.963648051039469,6.611383299151937,0.9859489573403557,1.2525366875024977
SB52219_component_665a,203.760069,-6.169487,8.197,203.7601417086143,-6.169461178244486,5.479842928160105,1.1774725127060568,1.4958457126102194
SB52219_component_672a,203.943571,-4.260451,8.132,203.94350994291017,-4.2602859507053665,5.972089340285344,1.071852558523156,1.361667501292584
SB52219_component_683a,205.292333,-5.002182,7.802,205.29237352397277,-5.001975333931577,4.225820369610327,1.453312111750094,1.8462687391740242
SB52219_component_689a,205.464834,-6.168214,8.130,205.46469488049104,-6.168107219102807,5.540862933490703,1.154987067277874,1.4672804962022545
SB52219_component_692a,202.279709,-7.205092,7.956,202.27961015397895,-7.204863908105389,4.771484109438753,1.3125179789534487,1.6674057104137843
SB52219_component_695a,202.264160,-2.906301,7.878,202.2642462975378,-2.9061410829951995,6.106037271275086,1.0155948505906744,1.2901984433706448
SB52219_component_701a,203.558004,-3.764755,7.942,203.55799595600672,-3.76471782521598,4.416782901528797,1.415428062235287,1.7981413371060122
SB52219_component_704a,202.488802,-7.106179,7.884,202.48872437857798,-7.105868763062021,5.653916549536262,1.097643192876011,1.3944315865734835
SB52219_component_710a,205.066032,-6.752042,7.707,205.0657177262185,-6.751849413960375,5.13649962870394,1.1810874697458693,1.5004381068537556
SB52219_component_712a,203.714054,-5.759975,7.509,203.71397185269365,-5.759784982678559,4.553440089207007,1.2980949009298712,1.6490828203323602
SB52219_component_713a,206.963194,-6.308788,7.758,206.9631960084296,-6.308411558601038,4.523943548768932,1.3498843709629376,1.714875487143137
SB52219_component_716a,202.029485,-3.322036,7.430,202.02944792319096,-3.3218944537792687,8.233584474559226,0.7103360152758654,0.9024016030073436
SB52219_component_717a,205.968984,-3.864975,7.411,205.96898058009333,-3.8648163251131975,4.021540604580396,1.4506021561407625,1.8428260469363378
SB52219_component_719a,205.511248,-6.355783,7.300,205.51142766499734,-6.355653046416384,6.256483167053881,0.9184522187359403,1.1667897116987473
SB52219_component_727a,201.900161,-3.131786,7.157,201.90022690098905,-3.131513030307969,12.690033183175816,0.44394813923236837,0.5639859219862764
SB52219_component_729a,206.339234,-4.364346,7.059,206.33934763622023,-4.364168774777808,4.445497600513772,1.2499331297239722,1.5878987347654787
SB52219_component_733a,202.878875,-6.656767,7.101,202.87864071598548,-6.656651657916651,3.440308843502944,1.62474813517375,2.064058825870714
SB52219_component_734a,202.042616,-7.167481,7.215,202.04255737747533,-7.167263562576673,3.9521155087968682,1.4370460721008176,1.8256045746963336
SB52219_component_736a,205.160240,-4.254477,7.080,205.1602059963816,-4.254355263038562,5.704681962646665,0.9769352770125781,1.2410858256542168
SB52219_component_749a,202.886752,-4.225275,6.941,202.88686128501402,-4.225262720662204,4.552163512402391,1.2002401945486858,1.5247694784755477
SB52219_component_750a,206.599080,-2.131395,7.245,206.59914942549673,-2.1313090565487145,4.901664441805375,1.163479625766823,1.4780693316677984
SB52219_component_755a,203.706718,-5.120747,6.990,203.70681493974027,-5.120330213344714,3.146923563626925,1.7484569502750908,2.2212168900162217
SB52219_component_758a,204.382666,-3.450367,7.132,204.38286880596513,-3.45021821040577,5.294299047261222,1.0603929717235405,1.3471093917847077
SB52219_component_769a,202.645981,-4.282732,7.062,202.64593793120932,-4.282507522817496,4.309380063204979,1.2899618881410981,1.6387507470317861
SB52219_component_771a,201.983865,-3.521640,6.616,201.9838381140229,-3.521460081492903,4.240017726851999,1.2282642526852297,1.5603708761821906
SB52219_component_776a,203.910160,-6.110015,7.213,203.91009075748693,-6.109863626818471,4.451414968692472,1.2755039742683092,1.6203836019421765
SB52219_component_778a,202.634122,-5.844206,6.619,202.63383367459912,-5.8440900820141914,11.205351603708449,0.46497635263658915,0.5906998898497526
SB52219_component_802a,204.759915,-6.446808,6.451,204.75977946548554,-6.446564131076853,3.7250669138572183,1.3631917667880185,1.7317810291206794
SB52219_component_810a,203.711652,-3.349721,6.487,203.71160155660618,-3.3495601245426854,4.575032729232398,1.1161271394900258,1.417913351112638
SB52219_component_812a,203.775803,-3.762855,6.367,203.77526444022212,-3.7628938221125536,4.980609861728588,1.006274133825059,1.2783575264389555
SB52219_component_817a,201.390965,-3.772681,6.183,201.39105972465603,-3.772461514251291,3.9221391518533464,1.240909848955405,1.5764356766425167
SB52219_component_828a,204.483005,-5.654970,6.111,204.48292864037123,-5.654858374730969,3.7547722945157163,1.2811284037897428,1.6275288038001627
SB52219_component_831a,204.849914,-6.040083,5.962,204.84983342065456,-6.039944140763242,4.621592841969355,1.0154633619790014,1.2900314019544712
SB52219_component_839a,206.672872,-5.209881,5.998,206.6729629193417,-5.2097721485987005,5.589489488421911,0.8446918516581815,1.0730855040308735
SB52219_component_846a,205.038378,-2.632279,5.847,205.0384994274626,-2.632147433705947,3.7275322931801353,1.234740418905188,1.568598113225723
SB52219_component_848a,203.038335,-4.829067,6.091,203.03824559284567,-4.828879413617737,4.27044525539985,1.1227405878659262,1.4263149896153697
SB52219_component_852a,206.720009,-4.869273,6.077,206.72002960685862,-4.869205964210034,4.002936270608878,1.1950182757881054,1.518135621034866
SB52219_component_857a,205.457324,-6.355688,5.816,205.45735332265826,-6.355490566281643,5.265732944642214,0.8694198341005415,1.1044996101936546
SB52219_component_858a,201.737256,-2.403608,5.552,201.73740120515626,-2.4033423774976765,3.0945230174523597,1.4122764598608637,1.7941375825820112
SB52219_component_865a,203.127322,-3.139452,5.755,203.12735078017946,-3.139341898370751,7.517922236683284,0.6025755197423931,0.7655040758947618
SB52219_component_868a,202.311920,-6.561392,5.637,202.3116736837958,-6.561180680890661,3.828007477412011,1.159148934814745,1.4725676784033683
SB52219_component_870a,201.926205,-2.978343,5.699,201.92620960048924,-2.9782286107230687,4.154036045996726,1.0799219383064342,1.3719187360534706
SB52219_component_875a,206.461791,-5.532326,5.708,206.46226948616652,-5.532178705684551,2.8941907653457517,1.552461366838577,1.9722266588130613
SB52219_component_877a,202.969133,-3.675246,5.969,202.96895783256986,-3.675126117675301,2.8773834911912886,1.632930864982163,2.0744540590241676
SB52219_component_884a,201.512491,-5.337114,5.767,201.51250762109353,-5.33688508620431,4.535419797937281,1.0009132799897624,1.2715471676926362
SB52219_component_886a,202.405920,-2.241548,5.459,202.40596711203392,-2.2415821862818577,4.258318437855122,1.009111010380933,1.2819614573906482
SB52219_component_889a,201.242823,-5.809507,5.561,201.24286318543028,-5.809350204935317,4.004018536000569,1.0932532629938003,1.3888546769453574
SB52219_component_898a,206.486529,-5.671219,5.392,206.48662657807222,-5.671052313535028,2.875693532341449,1.4759487428515452,1.8750260198881414
SB52219_component_902a,206.153888,-2.071825,5.522,206.15433525069912,-2.0717784478076413,4.7226574463062105,0.9203943000600976,1.169256906466296
SB52219_component_907a,202.467858,-4.921559,5.438,202.4677428957033,-4.921407216574645,3.7228904650577928,1.1498016761621261,1.4606930430048357
SB52219_component_909a,202.230802,-4.518990,5.366,202.23085546712645,-4.51879638971821,3.3145135810411945,1.2743679962002257,1.618940470230459
SB52219_component_911a,202.378194,-2.123563,5.378,202.3784634018894,-2.1234448085791153,4.3684286922408315,0.9690797219038445,1.231106230969185
SB52219_component_913a,204.022474,-5.704486,5.605,204.02233968476222,-5.7043882885795165,3.345567528148628,1.3187722340325851,1.6753510344402418
SB52219_component_916a,203.168484,-2.390880,5.715,203.16837448224803,-2.390823203892664,2.609221815119721,1.7241268770420488,2.190308282519731
SB52219_component_919a,205.508652,-2.172372,5.246,205.50871050660487,-2.1721537129377855,2.7271116907085373,1.5142211999425412,1.9236468498717259
SB52219_component_921a,206.063949,-6.107670,5.305,206.06396233362514,-6.107626362335684,2.9153494516337655,1.432381592870623,1.8196788811597506
SB52219_component_925a,203.440701,-6.855760,5.225,203.44053890830398,-6.855727944214215,3.519326577994104,1.1686667665181405,1.4846590075794102
SB52219_component_931a,201.315958,-4.932359,5.255,201.31601044259378,-4.932248727677861,2.99466627490713,1.381300836161775,1.75478655450644
SB52219_component_934a,204.623635,-4.937166,5.300,204.62363636144488,-4.9368586863386374,3.808953370115189,1.095302820088864,1.3914584075295684
SB52219_component_935a,203.709671,-4.859214,5.289,203.70950445003254,-4.859005767047827,2.057428764286049,2.023544405472322,2.57068440285349
SB52219_component_937a,204.168404,-3.014162,5.337,204.16857770141286,-3.0141217227688295,3.311667073125937,1.2685701869305874,1.6115750090031828
SB52219_component_946a,203.834840,-3.942053,5.187,203.8347819350862,-3.941939780521937,3.087942186737819,1.3222423009064659,1.6797593621079818
SB52219_component_950a,203.655734,-2.549358,5.115,203.65587678352313,-2.549234726961624,3.795904364251993,1.0607043090270862,1.3475049106317796
SB52219_component_951a,202.664052,-5.313346,5.239,202.66400908064665,-5.313211392820356,5.85975778080428,0.7037731562965537,0.8940642326137812
SB52219_component_959a,206.750222,-5.081507,5.487,206.7502559956327,-5.081566817583328,2.4940663157905183,1.7317728989844958,2.20002168900499
SB52219_component_971a,201.189928,-3.340085,5.107,201.19012970656811,-3.339623348359566,3.1540533788106533,1.2745614674708852,1.6191862536076558
SB52219_component_985a,205.763049,-4.249289,5.044,205.7631391851145,-4.249108436476378,2.9001702565948073,1.3690382213185566,1.7392082886525195
SB52219_component_990a,206.648956,-4.357039,5.141,206.64901556828386,-4.356868874394896,3.1178171460301045,1.297958844124439,1.6489099755424554
SB52219_component_993a,206.607135,-6.484573,4.990,206.6068482641414,-6.48450387515294,5.62423538881466,0.6983948264735124,0.8872316726007151
SB52219_component_997a,205.510294,-6.473808,5.040,205.51033940611757,-6.473548794422385,3.1742014420696,1.2498561316668202,1.5878009174385965
SB52219_component_1001a,202.171246,-6.860348,5.058,202.17111885030064,-6.860091023915001,2.60129224775663,1.5305716415936614,1.9444182375510044
SB52219_component_1007a,203.078737,-7.174937,4.831,203.07845552878604,-7.174800805861192,3.823515157049129,0.9945764796911851,1.2634969792967221
SB52219_component_1013a,202.395097,-5.425637,4.954,202.39488853018122,-5.425463621058221,3.1945493800576155,1.220704014567551,1.5507664483483283
SB52219_component_1017a,202.806217,-6.080551,4.931,202.8060950684374,-6.080589233786854,3.1778655278279135,1.2214156593953593,1.5516705126496952
SB52219_component_1020a,206.675762,-6.055943,5.287,206.6760084208875,-6.055358905719688,1.626695742922992,2.5583913121811586,3.2501469326959804
SB52219_component_1021a,203.942235,-5.954474,4.827,203.94217705815905,-5.954300240223667,4.000003976711215,0.9499065121736784,1.2067488355630425
SB52219_component_1027a,206.024166,-5.289392,4.660,206.0242635043707,-5.289386984586294,2.861605697476209,1.2818584991544357,1.6284563074227845
SB52219_component_1030a,205.711832,-3.789175,4.837,205.71209067472057,-3.789220116346925,3.295230345611823,1.1554582985313788,1.467879142236533
SB52219_component_1031a,204.088559,-6.974316,5.193,204.0886169295138,-6.973915603734956,2.748525911770745,1.4872447692845723,1.8893763444409775
SB52219_component_1042a,205.227520,-7.023397,4.611,205.2273937020488,-7.023159801016243,2.5401599719789414,1.4288874982335351,1.815240028935226
SB52219_component_1044a,205.274190,-3.404266,4.616,205.27453512408258,-3.404148255892654,3.6086074475421817,1.006908836462177,1.279163844385464
SB52219_component_1048a,206.360434,-4.821562,4.537,206.3605735560355,-4.821444715515515,3.9425321240722484,0.9058525940863977,1.1507833129852842
SB52219_component_1049a,204.509102,-4.304606,4.687,204.5089062850453,-4.304520627130248,5.277249105862291,0.6991193401051087,0.8881520852624598
SB52219_component_1054a,204.776546,-4.376866,4.838,204.7763203805446,-4.376701254197748,3.1197163552985283,1.220716218840828,1.5507819524978181
SB52219_component_1059a,206.520122,-4.383871,4.611,206.52019581675629,-4.383698350616812,2.9694589675046608,1.2223111574173517,1.552808141649433
SB52219_component_1060a,206.570145,-5.485362,5.227,206.56967755362933,-5.4851496854000645,4.5203436888143305,0.9102172047509766,1.1563280574097792
SB52219_component_1061a,203.595903,-5.933719,4.808,203.59587190933388,-5.933524465947292,2.397377478085724,1.5786724225577218,2.0055248419106553
SB52219_component_1062a,202.447288,-5.429271,4.718,202.44728632894302,-5.429114706595748,2.3645632292639043,1.570619465156833,1.9952944699300235
SB52219_component_1067a,202.304748,-7.065714,4.561,202.30462975476797,-7.0653658326290145,3.16205947189554,1.1354133666002129,1.4424143223233366
SB52219_component_1077a,206.802124,-2.816086,4.571,206.80216531733944,-2.8159191773777996,2.538356819152367,1.4174982653287889,1.8007712960971822
SB52219_component_1084a,206.585664,-4.306157,4.300,206.58560436421297,-4.306020808451826,3.6644078007303986,0.9236951269463531,1.1734502338625568
SB52219_component_1087a,201.644130,-7.086014,4.430,201.64416110086475,-7.085924478967877,3.1110629400228027,1.1208794025505135,1.4239505640815333
SB52219_component_1088a,201.502349,-4.271499,4.238,201.5025242445493,-4.2712019107209995,3.312498677753655,1.0070921407614304,1.2793967117748788
SB52219_component_1093a,201.458868,-3.288719,4.436,201.45895669019032,-3.2884254271971933,2.629764711790039,1.3278181722191982,1.6868428762513807
SB52219_component_1103a,206.951820,-3.062994,4.224,206.951669639234,-3.0629796454821787,2.967831943062472,1.1203367414777343,1.4232611745370995
SB52219_component_1106a,206.870636,-3.675681,4.247,206.87103790455245,-3.67547927732138,3.693008601850263,0.9052445953811397,1.1500109193652899
SB52219_component_1121a,201.716106,-6.017433,4.212,201.71609166030507,-6.017335551220254,3.989317862955378,0.8311007734430919,1.0558195756474844
SB52219_component_1122a,202.686534,-4.829046,4.449,202.6863974331526,-4.829014620670398,2.739664701177027,1.2782887201813076,1.6239213068055318
SB52219_component_1123a,206.770304,-3.728666,4.398,206.77042206112156,-3.728581458349001,2.0685091830899522,1.6736387593101074,2.126168836687981
SB52219_component_1128a,206.573782,-3.764935,4.375,206.57374932909445,-3.7647932840683334,1.8595700655214837,1.851950982020981,2.352694357215902
SB52219_component_1134a,202.318169,-4.062217,4.097,202.31804623526298,-4.061790402061693,3.3766179232515734,0.9550982121384206,1.2133443034398854
SB52219_component_1142a,206.234080,-6.178775,4.456,206.23406287615566,-6.1786777038852465,2.8787172711769196,1.21845678555003,1.5479115979337001
SB52219_component_1144a,205.176832,-5.149087,4.267,205.17696216355105,-5.148904647175626,2.234793858118486,1.502966049906208,1.9093484541597603
SB52219_component_1146a,206.545193,-5.211484,4.716,206.54531724962965,-5.211185615541866,2.0813572754070564,1.7835740499561104,2.265829195127647
SB52219_component_1148a,202.499437,-2.200591,4.135,202.49969048662285,-2.200453170053516,2.7544651887283003,1.1816863705735339,1.5011989426487944
SB52219_component_1156a,205.803304,-6.519000,4.090,205.80315625505108,-6.51890928259193,2.5986433556622486,1.2389124603824517,1.5738982202679286
SB52219_component_1158a,203.439279,-2.326822,4.022,203.43915535329631,-2.3267757768572412,4.547171955110936,0.6962491010187583,0.884505770987474
SB52219_component_1164a,201.737693,-5.244393,3.976,201.73782538487828,-5.244245877550434,2.909841594647713,1.0755757757909248,1.366397427916781
SB52219_component_1165a,201.668986,-3.241650,3.786,201.66895704214534,-3.241444716623687,3.160076144426294,0.9430767547672829,1.198072400891081
SB52219_component_1167a,204.069147,-4.326419,3.941,204.06907240385146,-4.326136356166345,2.6287374671328814,1.1801119133973343,1.4991987728008425
SB52219_component_1178a,201.232796,-4.509438,4.106,201.23307160268345,-4.509221061213089,3.875435660254923,0.833992960389962,1.0594937721980267
SB52219_component_1180a,201.588527,-3.808530,3.787,201.58864883706954,-3.8083762802846928,2.7302911855591696,1.0918181458285923,1.3870315228288028
SB52219_component_1184a,205.857126,-4.172207,4.017,205.8572040274982,-4.171995222071444,3.0676757795747083,1.0307571887308604,1.3094604798559124
SB52219_component_1190a,205.916942,-3.349070,3.945,205.91704745094387,-3.3487600928330306,2.7991322011455204,1.109398479752335,1.4093653495995442
SB52219_component_1192a,206.794481,-4.811920,3.931,206.79425252188923,-4.811927893023042,1.8914610654440889,1.6359484468404573,2.078287555633618
SB52219_component_1195a,203.364866,-4.899029,3.960,203.36478909924335,-4.898982993191613,2.0439356109307796,1.5250776494968048,1.9374387416948249
SB52219_component_1210a,202.246386,-3.790370,3.837,202.24613345800392,-3.7899184102221573,1.825285144451279,1.6547220133774274,2.102137249542982
SB52219_component_1215a,204.026317,-4.223441,3.833,204.02655490772025,-4.223286585037793,3.4884031947351195,0.8649203473236209,1.0987835209163475
SB52219_component_1223a,204.445708,-2.133473,3.821,204.4457613276821,-2.1332108981790388,2.6422854619251908,1.1383119374793282,1.446096628938085
SB52219_component_1228a,205.447536,-4.502014,3.962,205.4475095076177,-4.501800281473187,3.448305627245559,0.9044252638084531,1.1489700512286802
SB52219_component_1234a,206.133312,-5.189643,3.703,206.13335704447326,-5.1895349019333405,2.690186309695454,1.0835160240705388,1.3764846157007444
SB52219_component_1237a,201.799671,-3.928565,3.545,201.7997509323971,-3.9282994479639073,1.943141677450764,1.4360704923810856,1.824365210952957
SB52219_component_1246a,202.730491,-4.707002,3.565,202.73049520651963,-4.706833892586044,2.157351106702948,1.3007765108580966,1.6524895025867175
SB52219_component_1257a,204.470329,-2.590760,3.606,204.47023861209735,-2.5906213515722256,2.304552692941077,1.2316946356634109,1.56472878994676
SB52219_component_1265a,205.054469,-3.424909,3.491,205.0544491336907,-3.424670134135268,3.4773838445189105,0.7902439606476501,1.00391561390614
SB52219_component_1269a,203.198031,-2.390908,3.619,203.19799710765665,-2.3909066490343562,1.8815421451908854,1.514044374928457,1.923422213681627
SB52219_component_1272a,202.242520,-4.272572,3.333,202.2426889155411,-4.272209765215325,2.4586695302188097,1.0670852674389313,1.3556111969184685
SB52219_component_1278a,206.192859,-4.633296,3.502,206.19325599700363,-4.632883518126871,2.5502422262220814,1.080932805474613,1.3732029285108074
SB52219_component_1279a,205.747548,-6.292983,3.622,205.74740170120353,-6.292802751355699,2.235804787510979,1.2752006878131699,1.619998310787846
SB52219_component_1285a,203.441389,-2.123949,3.408,203.4416059115468,-2.1238685557198598,1.855014813047485,1.446159449672956,1.837182090622673
SB52219_component_1295a,206.474557,-6.195448,3.492,206.4746931379019,-6.195222587204798,2.105035952174077,1.3058061414609765,1.6588790796614639
SB52219_component_1296a,202.958234,-4.361123,3.435,202.95819697417105,-4.360963177620597,1.4944770252894868,1.8092620250018625,2.2984628633646387
SB52219_component_1300a,204.174768,-4.301582,3.458,204.17493386087597,-4.301362073753509,1.8044706515586715,1.5084785381494994,1.916351447278972
SB52219_component_1319a,206.096027,-3.820721,3.367,206.09617210566776,-3.8205797438914595,1.698137390687346,1.5607533710054382,1.9827607126853166
SB52219_component_1321a,204.722133,-3.380180,3.430,204.72229054472797,-3.380018905470121,3.1920385721381845,0.845843418546143,1.07454843957591
SB52219_component_1329a,201.688176,-6.848295,3.317,201.6880455740831,-6.8479146494651255,1.8799066065785015,1.388906986501232,1.7644493086276363
SB52219_component_1334a,202.919946,-6.019748,3.629,202.91995823212753,-6.019808251351791,2.243138972423879,1.2734877090184455,1.617822164883606
SB52219_component_1336a,205.424799,-4.338933,3.322,205.42473750559463,-4.338655100532832,2.6034366455703,1.0044228743094188,1.2760057105116052
SB52219_component_1338a,206.341017,-6.943423,3.538,206.34103355823152,-6.943146464894145,2.774584428401332,1.003746106567565,1.2751459536050442
SB52219_component_1353a,202.036989,-4.392798,3.129,202.03720252159738,-4.393069413246135,2.0149640246757574,1.22236874268799,1.5528812972256898
SB52219_component_1359a,202.810850,-6.993954,3.122,202.81076418141672,-6.993898374077487,1.9964477265489708,1.230945794659182,1.5637774721083264
SB52219_component_1370a,203.864544,-5.775080,3.322,203.86449465349034,-5.774953785671164,1.966538832902217,1.3297226959749624,1.6892623583742177
SB52219_component_1374a,203.804110,-2.770274,3.131,203.8042323129181,-2.7702161620204344,2.8127542323994397,0.8762242395947201,1.1131438381272112
SB52219_component_1384a,204.217975,-3.893679,3.032,204.21795335463793,-3.893656722032191,1.87580539459405,1.2723465084201384,1.616372398537653
SB52219_component_1398a,204.112961,-2.160413,3.067,204.11306941412053,-2.160302975126456,2.086499017912398,1.1570697921839361,1.4699263627406756
SB52219_component_1407a,206.854555,-5.467552,3.012,206.85499484415567,-5.467428492166747,2.711288329479506,0.8744666506835764,1.1109110201132915
SB52219_component_1422a,202.082899,-5.817887,3.004,202.08283901121243,-5.817747216236562,2.3215676446096603,1.0185504736402409,1.2939532283181299
SB52219_component_1432a,201.387285,-4.381626,3.085,201.38751292649522,-4.381487570706399,2.0160709965278594,1.2045180946640863,1.530204066950051
SB52219_component_1433a,201.645440,-5.818777,2.964,201.64552872499263,-5.81840101863331,2.660869332772647,0.8768365119357049,1.1139216609182563
SB52219_component_1438a,204.755010,-5.098035,3.013,204.75477836445495,-5.098000977497241,2.103765065008985,1.1273684351220974,1.4321941463702477
SB52219_component_1444a,203.099891,-4.672511,2.943,203.09994357689604,-4.6722898652394695,2.1979451840574504,1.0539921908936065,1.338977923356786
SB52219_component_1446a,201.383079,-6.994165,2.946,201.38300457891205,-6.993823519630479,2.3827900274790332,0.9732198536163568,1.2363658002627138
SB52219_component_1459a,204.907680,-4.215471,2.952,204.9074975373811,-4.215330168925101,1.58075439741785,1.469995200601192,1.8674627175146807
SB52219_component_1467a,201.791017,-3.861443,2.923,201.79094478747422,-3.861202667800632,2.060352709241646,1.1167378429519765,1.418689180820234
SB52219_component_1469a,203.208108,-4.442190,2.725,203.2080750550009,-4.442023779163824,1.7640926796826188,1.2159313900806203,1.544703368489023
SB52219_component_1474a,201.222170,-4.125276,2.856,201.2225802885794,-4.124898124945992,2.041782620270911,1.1010642674607765,1.3987776750765437
SB52219_component_1476a,204.565232,-3.605450,2.780,204.56517508005902,-3.6054479753416255,2.8771731351618213,0.7605762704019239,0.9662261674195058
SB52219_component_1484a,201.845452,-5.899949,2.759,201.84545778992427,-5.899468230541291,2.203014498995642,0.9858216044314801,1.2523749000291815
SB52219_component_1495a,205.202086,-6.199308,2.882,205.2021360419738,-6.199179750400924,1.841303545855377,1.2320619886085307,1.5651954703338116
SB52219_component_1496a,203.616346,-2.473113,3.002,203.61650946647865,-2.4731090535580713,2.48936324344157,0.9492626762518858,1.2059309148108845
SB52219_component_1510a,201.854229,-5.209123,3.164,201.8541324149087,-5.2088321643585695,2.318756982362867,1.0741012485495345,1.3645242077537967
SB52219_component_1519a,201.576637,-6.983939,2.719,201.57673862804114,-6.983774856339744,1.9603815767908146,1.0917735984590449,1.38697493043193
SB52219_component_1538a,204.889400,-2.244117,2.865,204.88919922277844,-2.2437963432197767,1.780326923277194,1.2667439675349395,1.6092550037174644
SB52219_component_1548a,202.441889,-5.929464,2.610,202.44166299864918,-5.929266787056558,2.36119222450611,0.8701079206513372,1.105373746367371
SB52219_component_1552a,201.411575,-5.088454,2.595,201.41162705596668,-5.088090019326206,1.3738741189029338,1.4868063293627976,1.88881935608656
SB52219_component_1554a,201.965128,-2.223801,2.614,201.96529283480479,-2.224019767271653,1.9825719477211392,1.037864402944594,1.318489392034748
SB52219_component_1580a,202.862608,-3.805560,2.565,202.86285989761498,-3.8055910283332204,1.9151667780909947,1.0542527831911395,1.339308976410507
SB52219_component_1586a,202.708058,-6.902070,2.599,202.70788055387905,-6.901686556812877,1.7312775372841627,1.1816899937147554,1.5012035454401154
SB52219_component_1602a,206.505219,-4.472513,2.481,206.50571442371813,-4.472259342108149,3.0789648107296177,0.6342872858107526,0.8057902896286494
SB52219_component_1622a,206.451725,-2.745850,2.711,206.45136057345695,-2.7458641998280733,3.2048646047380935,0.6658613424038026,0.8459015590423895
SB52219_component_1631a,204.565565,-4.236763,2.402,204.56543792184058,-4.236737034702505,2.0344432023041397,0.9293758883853096,1.1806669990533596
SB52219_component_1650a,201.908846,-3.212429,2.435,201.9089357628054,-3.212139263139077,2.361383336514638,0.8117016666712888,1.0311752035878936
SB52219_component_1653a,201.632547,-3.212275,2.417,201.6330418837841,-3.2119301396872832,2.4032605530093134,0.7916619630747015,1.0057170256827095
SB52219_component_1688a,204.725321,-2.413992,2.299,204.72529957703767,-2.4138674916347638,1.5995021156625462,1.1314051042554734,1.4373222781535615
SB52219_component_1693a,202.735473,-3.098015,2.419,202.73540997511438,-3.0979302640980246,2.021821923073661,0.9417961863096191,1.1964455834355312
SB52219_component_1702a,204.558446,-5.684972,2.670,204.55867678671822,-5.6847964785956,3.3736418964245685,0.6229831049746253,0.7914296058285403
SB52219_component_1722a,204.129472,-6.178550,2.316,204.1293484374201,-6.1784590984186964,1.4548068825693259,1.2531330431606267,1.5919638630324164
SB52219_component_1733a,201.879299,-6.045044,2.230,201.87923639412807,-6.0449218501403505,2.0329007978735576,0.8634807439967193,1.0969546676385278
SB52219_component_1782a,205.518724,-5.779515,2.182,205.51885788339496,-5.779426548656268,2.3784320103190453,0.7221509153573098,0.9174110978711603
SB52219_component_1804a,202.845617,-2.353701,2.081,202.84577445382027,-2.353711654606054,2.184736945146415,0.7497853018277251,0.9525174617788701
SB52219_component_1825a,202.813844,-2.248400,2.180,202.81400391993762,-2.248342754095586,2.2523790367770284,0.761866726681088,0.9678655462344408
SB52219_component_1931a,205.420127,-5.894804,1.910,205.41993088408344,-5.894656285458241,1.7142752122068625,0.8770347286612888,1.1141734728594548
SB52219_component_2101a,203.890888,-4.486823,1.780,203.89055268787146,-4.486710055655204,2.3874718820581777,0.5868751308764397,0.7455585067897338
SB52219_component_2109a,205.793935,-4.280700,1.706,205.7940753125472,-4.280494923663118,1.6626726413219326,0.8076742651685636,1.0260588452816037
SB52219_component_2162a,206.917792,-2.969573,1.712,206.91781349732517,-2.969434127352391,2.829293052533241,0.4763101178418937,0.6050981572463505
